name,date,closing_price,daily_return,cumulative_return,10_day_ma,100_day_ma,volatility,sharpe_ratio,beta
Amazon,2023-07-01 00:00:00.000,130.36,0,0,0,0,0,0,1.18242749213
Amazon,2023-07-02 00:00:00.000,130.36,0,0,0,0,0,0,1.18242749213
Amazon,2023-07-03 00:00:00.000,130.22,-0.00107394906413016,-0.00107394906413016,-0.00107394906413016,-0.00107394906413016,0.000759396665895385,-1.56868318161502,1.18242749213
Amazon,2023-07-04 00:00:00.000,130.22,0,-0.00107394906413016,-0.00107394906413016,-0.00107394906413016,0.000620044781271497,-0.878934527783692,1.18242749213
Amazon,2023-07-05 00:00:00.000,130.38,0.00122868990938407,0.000154740845253909,7.73704226269545E-05,7.73704226269545E-05,0.000941109151209505,-0.19231225148009,1.18242749213
Amazon,2023-07-06 00:00:00.000,128.36,-0.0154931737996624,-0.0153384329544085,-0.00511281098480284,-0.00511281098480284,0.00699371101013148,-0.702252581523453,1.18242749213
Amazon,2023-07-07 00:00:00.000,129.78,0.0110626363353068,-0.00427579661910171,-0.00106894915477543,-0.00106894915477543,0.00850924590985097,-0.304544659863931,1.18242749213
Amazon,2023-07-08 00:00:00.000,129.78,0,-0.00427579661910171,-0.00106894915477543,-0.00106894915477543,0.00777251166916833,-0.256302570637588,1.18242749213
Amazon,2023-07-09 00:00:00.000,129.78,0,-0.00427579661910171,-0.00106894915477543,-0.00106894915477543,0.00719918743399533,-0.222015635026708,1.18242749213
Amazon,2023-07-10 00:00:00.000,127.13,-0.0204191709046079,-0.0246949675237096,-0.00493899350474192,-0.00493899350474192,0.00944898000515522,-0.465939493900672,1.18242749213
Amazon,2023-07-11 00:00:00.000,128.78,0.0129788405569102,-0.0117161269667994,-0.00195268782779989,-0.00195268782779989,0.0102021211415548,-0.274093681097248,1.18242749213
Amazon,2023-07-12 00:00:00.000,130.8,0.0156856654760056,0.00396953850920623,0.000567076929886604,0.000567076929886604,0.0109319891630946,-0.104273251927122,1.18242749213
Amazon,2023-07-13 00:00:00.000,134.3,0.0267584097859328,0.030727948295139,0.00454312819418131,0.00384099353689238,0.0129117456757727,0.0927809827107962,1.18242749213
Amazon,2023-07-14 00:00:00.000,134.68,0.00282948622486967,0.0335574345200087,0.00432892294801736,0.00372860383555652,0.0123622801553815,0.103331881560629,1.18242749213
Amazon,2023-07-15 00:00:00.000,134.68,0,0.0335574345200087,0.00477181338210783,0.00372860383555652,0.0118973139116967,0.0946248383261214,1.18242749213
Amazon,2023-07-16 00:00:00.000,134.68,0,0.0335574345200087,0.0081493112457362,0.00372860383555652,0.0114812312858514,0.0871361357516217,1.18242749213
Amazon,2023-07-17 00:00:00.000,133.56,-0.00831600831600832,0.0252414262040004,0.00491953713718368,0.00252414262040004,0.0114013748518846,0.0320153928637089,1.18242749213
Amazon,2023-07-18 00:00:00.000,132.83,-0.00546570829589688,0.0197757179081035,0.0034359306467436,0.00179779253710032,0.0111707210670093,-0.00122242923852298,1.18242749213
Amazon,2023-07-19 00:00:00.000,135.36,0.0190469020552586,0.0388226199633621,0.00538730207280798,0.00323521833028018,0.0116281002732993,0.0946093839905042,1.18242749213
Amazon,2023-07-20 00:00:00.000,129.96,-0.0398936170212766,-0.00107099705791447,0.00295299630822439,-8.23843890703438E-05,0.0148581993476293,-0.0602495403036608,1.18242749213
Amazon,2023-07-21 00:00:00.000,130,0.000307787011388116,-0.000763210046526352,0.00136911461503413,-5.45150033233109E-05,0.014462138518401,-0.0563852923472171,1.18242749213
Amazon,2023-07-22 00:00:00.000,130,0,-0.000763210046526352,-0.000676106936533226,-5.45150033233109E-05,0.0140959514522129,-0.0539821178186741,1.18242749213
Amazon,2023-07-23 00:00:00.000,130,0,-0.000763210046526352,-0.00524852639027756,-5.45150033233109E-05,0.0137562422327064,-0.0518176030633046,1.18242749213
Amazon,2023-07-24 00:00:00.000,128.8,-0.00923076923076915,-0.00999397927729551,-0.00725856896621737,-0.000666265285153034,0.0135760638170164,-0.0807609028132664,1.18242749213
Amazon,2023-07-25 00:00:00.000,129.13,0.00256211180124222,-0.00743186747605329,-0.005855614570866,-0.000464491717253331,0.0132917346683283,-0.0692524086185222,1.18242749213
Amazon,2023-07-26 00:00:00.000,128.15,-0.00758925114225961,-0.0150211186183129,-0.0060723191422902,-0.000883595212841935,0.0130930763743252,-0.0908917964475731,1.18242749213
Amazon,2023-07-27 00:00:00.000,128.25,0.000780335544283917,-0.014240783074029,-0.00493527615975367,-0.000791154615223832,0.0128314018909004,-0.0851892207982156,1.18242749213
Amazon,2023-07-28 00:00:00.000,132.21,0.0308771929824563,0.0166364099084273,-0.000392413499959526,0.000875600521496174,0.0139602074030573,0.00283335413990333,1.18242749213
Amazon,2023-07-29 00:00:00.000,132.21,0,0.0166364099084273,-0.0031694585792764,0.000875600521496174,0.0136997408156174,0.00241128632478734,1.18242749213
Amazon,2023-07-30 00:00:00.000,132.21,0,0.0166364099084273,0.00295123449439029,0.000875600521496174,0.0134533308503442,0.00201376515591293,1.18242749213
Amazon,2023-07-31 00:00:00.000,133.68,0.011118674835489,0.0277550847439163,0.00475304913174044,0.00138775423719582,0.0133588014088253,0.0303419044671048,1.18242749213
Amazon,2023-08-01 00:00:00.000,131.69,-0.0148862956313586,0.0128687891125577,0.00194742845129773,0.000612799481550368,0.0136672644911839,-0.00726203641576592,1.18242749213
Amazon,2023-08-02 00:00:00.000,128.21,-0.026425696711975,-0.0135569075994173,-0.00159921219411137,-0.000616223072700786,0.0145205200473539,-0.0159047590982034,1.18242749213
Amazon,2023-08-03 00:00:00.000,128.91,0.00545979252788387,-0.00809711507153343,0.000237108025720259,-0.000352048481371019,0.0145600763605634,0.00263234511430598,1.18242749213
Amazon,2023-08-04 00:00:00.000,139.57,0.0826933519509736,0.0745962368794402,0.0102535130444367,0.00310817653664334,0.0210102486875191,0.0942770907595565,1.18242749213
Amazon,2023-08-05 00:00:00.000,139.57,0,0.0745962368794402,0.0128024793568219,0.00310817653664334,0.0207418926658604,0.168491029792092,1.18242749213
Amazon,2023-08-06 00:00:00.000,139.57,0,0.0745962368794402,0.0148061699922449,0.00310817653664334,0.0206918470916066,0.125425826269483,1.18242749213
Amazon,2023-08-07 00:00:00.000,142.22,0.0189868882997779,0.0935831251792181,0.0128244525451318,0.00374332500716872,0.0208980060998576,0.156026799721615,1.18242749213
Amazon,2023-08-08 00:00:00.000,139.94,-0.0160315004921952,0.0775516246870229,0.00870217353979938,0.00298275479565473,0.0211872631773991,0.131163468145304,1.18242749213
Amazon,2023-08-09 00:00:00.000,137.85,-0.0149349721309133,0.0626166525561096,0.00574753033096029,0.00231913527985591,0.0210035256664186,0.179721860950266,1.18242749213
Amazon,2023-08-10 00:00:00.000,138.56,0.00515052593398635,0.0677671784900959,0.00500151171827246,0.00242025637464628,0.0209225965476084,0.145718231508276,1.18242749213
Amazon,2023-08-11 00:00:00.000,138.41,-0.0010825635103926,0.0666846149797033,0.0067269782333932,0.00229946948205874,0.0207858611476592,0.0963237057192575,1.18242749213
Amazon,2023-08-12 00:00:00.000,138.41,0,0.0666846149797033,0.0114630746541601,0.00229946948205874,0.0202582517509653,0.0273532475351718,1.18242749213
Amazon,2023-08-13 00:00:00.000,138.41,0,0.0666846149797033,0.0124636216752061,0.00229946948205874,0.0202569833768117,0.0198471626050553,1.18242749213
Amazon,2023-08-14 00:00:00.000,140.57,0.0156058088288418,0.0822904238085451,0.00128236448818416,0.0027430141269515,0.0204273093244508,0.0454499991623482,1.18242749213
Amazon,2023-08-15 00:00:00.000,137.67,-0.0206302909582415,0.0616601328503036,-0.00184801486130523,0.00198903654355818,0.0208272210905409,0.0125846720783437,1.18242749213
Amazon,2023-08-16 00:00:00.000,135.07,-0.0188857412653446,0.042774391584959,-0.00397773066181015,0.00133669973702997,0.0210770465119852,0.00718720420732085,1.18242749213
Amazon,2023-08-17 00:00:00.000,133.98,-0.00806988968682909,0.0347045018981299,-0.00735982791013602,0.0010516515726706,0.021108163013954,0.0109179099392774,1.18242749213
Amazon,2023-08-18 00:00:00.000,133.22,-0.00567248843110901,0.0290320134670209,-0.00606495140250025,0.000853882749030026,0.0208398724513324,-0.0526067972685329,1.18242749213
Amazon,2023-08-19 00:00:00.000,133.22,0,0.0290320134670209,-0.00479780558415553,0.000853882749030026,0.0194548073796826,0.0369539262092197,1.18242749213
Amazon,2023-08-20 00:00:00.000,133.22,0,0.0290320134670209,-0.00645586083717918,0.000853882749030026,0.0194552680325564,0.0363139069733605,1.18242749213
Amazon,2023-08-21 00:00:00.000,134.68,0.0109593154181054,0.0399913288851262,-0.00444888101576285,0.00114260939671789,0.0195386885847967,0.0550879557874765,1.18242749213
Amazon,2023-08-22 00:00:00.000,134.25,-0.00319275319275325,0.036798575692373,-0.00426943418390434,0.00102218265812147,0.0195550317124158,0.0497299057890329,1.18242749213
Amazon,2023-08-23 00:00:00.000,135.52,0.00945996275605232,0.0462585384484253,-0.00255325956640975,0.00125023076887636,0.0195072169559264,0.0886466945975203,1.18242749213
Amazon,2023-08-24 00:00:00.000,131.84,-0.0271546635183,0.0191038749301253,-0.00789831860980247,0.000502733550792772,0.0202128602732567,0.0375409325122292,1.18242749213
Amazon,2023-08-25 00:00:00.000,133.26,0.0107706310679612,0.0298745059980865,-0.00397320335652714,0.00076601297430991,0.0202253902710794,0.0747185354838429,1.18242749213
Amazon,2023-08-26 00:00:00.000,133.26,0,0.0298745059980865,-0.00184284079812464,0.00076601297430991,0.0202268448224486,0.0728028020771487,1.18242749213
Amazon,2023-08-27 00:00:00.000,133.26,0,0.0298745059980865,-0.000804999316673901,0.00076601297430991,0.019449547136757,-0.000844828165894129,1.18242749213
Amazon,2023-08-28 00:00:00.000,133.14,-0.000900495272399882,0.0289740107256866,-9.6671235557122E-06,0.000724350268142165,0.0194509464496232,-0.00230362728637047,1.18242749213
Amazon,2023-08-29 00:00:00.000,134.91,0.0132942767012167,0.0422682874269034,0.00189089627998321,0.00103093383968057,0.0195921801053196,0.0204057787744229,1.18242749213
Amazon,2023-08-30 00:00:00.000,135.07,0.00118597583574243,0.0434542632626458,0.00180278122445311,0.00103462531577728,0.0194964347082424,-0.00521809071652683,1.18242749213
Amazon,2023-08-31 00:00:00.000,138.01,0.0217664914488784,0.0652207547115242,0.00315367822829975,0.00151676173747731,0.0196453506296454,0.0681078059272942,1.18242749213
Amazon,2023-09-01 00:00:00.000,138.12,0.000797043692486232,0.0660177984040105,0.00365240283895468,0.00150040450918206,0.0189143792715763,0.130237892547479,1.18242749213
Amazon,2023-09-02 00:00:00.000,138.12,0,0.0660177984040105,0.00282275142222645,0.00150040450918206,0.0189127029624797,0.11780023823343,1.18242749213
Amazon,2023-09-03 00:00:00.000,138.12,0,0.0660177984040105,0.00781898724564752,0.00150040450918206,0.0113190058404511,-0.0135543650840678,1.18242749213
Amazon,2023-09-04 00:00:00.000,138.12,0,0.0660177984040105,0.00722865848118479,0.00150040450918206,0.0113190058404511,-0.0137112993628295,1.18242749213
Amazon,2023-09-05 00:00:00.000,137.27,-0.00615406892557191,0.0598637294784385,0.00499820391339201,0.00133030509952086,0.0113692985893822,-0.0319091947440367,1.18242749213
Amazon,2023-09-06 00:00:00.000,135.36,-0.0139141837255045,0.0459495457529341,0.00229643425069251,0.000998903168542045,0.0110066956209979,-0.104500890619639,1.18242749213
Amazon,2023-09-07 00:00:00.000,137.85,0.0183953900709219,0.064344935823856,0.00505298929973849,0.00136904118774162,0.0112410462699886,-0.0248939946640845,1.18242749213
Amazon,2023-09-08 00:00:00.000,138.23,0.00275661951396433,0.0671015553378204,0.00354760970155957,0.00139794906953792,0.0109137077424318,0.00705566055766245,1.18242749213
Amazon,2023-09-09 00:00:00.000,138.23,0,0.0671015553378204,0.00394121534586243,0.00139794906953792,0.0108727582334553,-0.00132276312435932,1.18242749213
Amazon,2023-09-10 00:00:00.000,138.23,0,0.0671015553378204,0.000376160125259228,0.00139794906953792,0.010870913907856,0.000241722218527749,1.18242749213
Amazon,2023-09-11 00:00:00.000,143.1,0.0352311365116111,0.102332691849432,0.00726297868908421,0.00208842228264146,0.0126300211159533,0.0931076685130672,1.18242749213
Amazon,2023-09-12 00:00:00.000,141.23,-0.013067784765898,0.0892649070835335,0.00387451811325384,0.00178529814167067,0.0128949822194371,0.0592174408662305,1.18242749213
Amazon,2023-09-13 00:00:00.000,144.85,0.0256319478864264,0.11489685496996,0.00698272236656421,0.0022528795092149,0.0134127425919236,0.0973522263332824,1.18242749213
Amazon,2023-09-14 00:00:00.000,144.72,-0.00089748015188118,0.113999374818079,0.00599769705175854,0.00219229566957844,0.0127799289301411,0.127911303343837,1.18242749213
Amazon,2023-09-15 00:00:00.000,140.39,-0.0299198452183528,0.084079529599726,0.00302697501516093,0.00158640621886275,0.0135308581710635,0.0839679458242249,1.18242749213
Amazon,2023-09-16 00:00:00.000,140.39,0,0.084079529599726,0.0054471405495417,0.00158640621886275,0.0134163099554788,0.0966054532376099,1.18242749213
Amazon,2023-09-17 00:00:00.000,140.39,0,0.084079529599726,0.00328909896264499,0.00158640621886275,0.0133494183838524,0.105573307994503,1.18242749213
Amazon,2023-09-18 00:00:00.000,139.98,-0.0029204359284849,0.0811590936712411,0.00234292305557012,0.00150294617909706,0.0133738864550933,0.0982029719072748,1.18242749213
Amazon,2023-09-19 00:00:00.000,137.63,-0.0167881125875124,0.0643709810837286,-0.000390082036298819,0.00117038147424961,0.0137937409361094,0.0575510841850412,1.18242749213
Amazon,2023-09-20 00:00:00.000,135.29,-0.0170021070987431,0.0473688739849856,-0.00246658516910435,0.000845872749731885,0.0140522795402918,-0.00155442942567338,1.18242749213
Amazon,2023-09-21 00:00:00.000,129.33,-0.0440535146721855,0.00331535931280003,-0.0123771665670789,5.81641984701759E-05,0.0162114180102463,-0.0867345803512412,1.18242749213
Amazon,2023-09-22 00:00:00.000,129.12,-0.00162375318951524,0.00169160612328478,-0.0109466626200311,2.91656228152549E-05,0.0160879068236226,-0.106306411528055,1.18242749213
Amazon,2023-09-23 00:00:00.000,129.12,0,0.00169160612328478,-0.0161721784066679,2.91656228152549E-05,0.0153404206815696,-0.0615866884902209,1.18242749213
Amazon,2023-09-24 00:00:00.000,129.12,0,0.00169160612328478,-0.0187179614491323,2.91656228152549E-05,0.0151909121830691,-0.0794017664587915,1.18242749213
Amazon,2023-09-25 00:00:00.000,131.27,0.0166511771995044,0.0183427833227892,-0.0109561243794895,0.000310894632589647,0.015526901517959,-0.0437133403762085,1.18242749213
Amazon,2023-09-26 00:00:00.000,125.98,-0.0402986211624896,-0.0219558378397005,-0.0151479096342038,-0.000365930630661674,0.0171507724320724,-0.122062553014652,1.18242749213
Amazon,2023-09-27 00:00:00.000,125.98,0,-0.0219558378397005,-0.0151479096342038,-0.000365930630661674,0.0171530579017049,-0.120546292909983,1.18242749213
Amazon,2023-09-28 00:00:00.000,125.98,0,-0.0219558378397005,-0.0171858219184903,-0.000365930630661674,0.016922569144041,-0.143196115126636,1.18242749213
Amazon,2023-09-29 00:00:00.000,127.12,0.00904905540561995,-0.0129067824340805,-0.0128796272529682,-0.000211586597280008,0.017036382573777,-0.127547401468796,1.18242749213
Amazon,2023-09-30 00:00:00.000,127.12,0,-0.0129067824340805,-0.0120551312838132,-0.000211586597280008,0.0164479883497602,-0.164518480611711,1.18242749213
Amazon,2023-10-01 00:00:00.000,127.12,0,-0.0129067824340805,-0.00405553543672013,-0.000211586597280008,0.0164429478052015,-0.165954204603169,1.18242749213
Amazon,2023-10-02 00:00:00.000,129.46,0.0184078036500945,0.00550102121601403,0.000952353773182313,8.87261486453877E-05,0.0168820992556744,-0.129633269230973,1.18242749213
Amazon,2023-10-03 00:00:00.000,124.72,-0.0366136258303724,-0.0311126046143584,-0.00656084214752863,-0.000493850866894578,0.0180165722726488,-0.197245494099792,1.18242749213
Amazon,2023-10-04 00:00:00.000,127,0.0182809493264913,-0.0128316552878671,-0.00242054356852532,-0.000200494613872924,0.0184341685061893,-0.164055882457829,1.18242749213
Amazon,2023-10-05 00:00:00.000,125.96,-0.00818897637795279,-0.0210206316658199,-0.00656056916476818,-0.000323394333320306,0.0184513250363935,-0.160674769535502,1.18242749213
Amazon,2023-10-06 00:00:00.000,127.96,0.0158780565258811,-0.00514257513993877,0.00280221044996028,-7.79178051505873E-05,0.0186276223746695,-0.0899777833969376,1.18242749213
Amazon,2023-10-07 00:00:00.000,127.96,0,-0.00514257513993877,0.00280221044996028,-7.79178051505873E-05,0.0182419881233211,-0.144392561189425,1.18242749213
Amazon,2023-10-08 00:00:00.000,127.96,0,-0.00514257513993877,0.00280221044996028,-7.79178051505873E-05,0.0182224865809751,-0.152668302533545,1.18242749213
Amazon,2023-10-09 00:00:00.000,128.26,0.00234448265082832,-0.00279809248911045,0.00168478165749501,-4.17625744643351E-05,0.0182381908430451,-0.148238136099333,1.18242749213
Amazon,2023-10-10 00:00:00.000,129.48,0.0095119288944332,0.00671383640532275,0.00280294554848618,9.87328883135698E-05,0.0183623516779225,-0.130824306266207,1.18242749213
Amazon,2023-10-11 00:00:00.000,131.83,0.0181495211615694,0.0248633575668922,0.00472126750012158,0.000381430979867976,0.0174076686580233,-0.188967978803872,1.18242749213
Amazon,2023-10-12 00:00:00.000,132.33,0.00379276340741863,0.0286561209743108,0.0028943874697871,0.00043087058026726,0.0173294660336982,-0.147814956111611,1.18242749213
Amazon,2023-10-13 00:00:00.000,129.79,-0.0191944381470568,0.00946168282725401,0.00507178593020155,0.000134883217130436,0.0167870291488348,-0.249570476652304,1.18242749213
Amazon,2023-10-14 00:00:00.000,129.79,0,0.00946168282725401,0.00318476258787445,0.000364707585024449,0.0167926524986935,-0.247156507288311,1.18242749213
Amazon,2023-10-15 00:00:00.000,129.79,0,0.00946168282725401,0.00508038574884565,0.000205037006662026,0.0160401241382581,-0.173403619729384,1.18242749213
Amazon,2023-10-16 00:00:00.000,132.55,0.0212651205793977,0.0307268034066517,0.00597822975776507,0.000514744118025785,0.016613452758455,-0.130681064942053,1.18242749213
Amazon,2023-10-17 00:00:00.000,131.47,-0.0081478687287817,0.02257893467787,0.00396021568825839,0.000389199004303938,0.0166499370088239,-0.146935113391305,1.18242749213
Amazon,2023-10-18 00:00:00.000,128.13,-0.0254050353692858,-0.00282610069141587,0.000289559306065362,0.00031694009901875,0.0171878454338626,-0.188860667288591,1.18242749213
Amazon,2023-10-19 00:00:00.000,128.4,0.00210723483961606,-0.00071886585179981,0.00025990332966383,0.000159380595869559,0.0170027713360883,-0.144106609593689,1.18242749213
Amazon,2023-10-20 00:00:00.000,125.17,-0.0251557632398755,-0.0258746290916753,-0.00407355818712475,-0.000432524168128717,0.0173104275127328,-0.152164115334841,1.18242749213
Amazon,2023-10-21 00:00:00.000,125.17,0,-0.0258746290916753,-0.00724828380836678,-0.00083239084392374,0.0154245465760487,-0.0615951708925249,1.18242749213
Amazon,2023-10-22 00:00:00.000,125.17,0,-0.0258746290916753,-0.00908845834433101,-0.000887045725547522,0.0154250332112103,-0.058241280688153,1.18242749213
Amazon,2023-10-23 00:00:00.000,126.56,0.0111048973396182,-0.0147697317520571,-0.00403856909655185,-0.000710693621648026,0.0155803080528995,-0.0344789527321822,1.18242749213
Amazon,2023-10-24 00:00:00.000,128.56,0.015802781289507,0.00103304953744987,-0.00120409046997202,-0.000471367898297954,0.0158640560246971,-0.00126344706528113,1.18242749213
Amazon,2023-10-25 00:00:00.000,121.39,-0.0557716241443684,-0.0547385746069186,-0.00802503217927157,-0.00115913044653506,0.0185263812378389,-0.137315934373808,1.18242749213
Amazon,2023-10-26 00:00:00.000,119.57,-0.0149929977757641,-0.0697315723826827,-0.0125572969736668,-0.00129720710566357,0.0172769867213152,-0.0879187242268671,1.18242749213
Amazon,2023-10-27 00:00:00.000,127.74,0.0683281759638705,-0.00140339641881215,-0.00299779138708527,-0.000582985744669192,0.0214854220004043,0.0181342752950324,1.18242749213
Amazon,2023-10-28 00:00:00.000,127.74,0,-0.00140339641881215,0.000203243467514816,-4.88822589555417E-06,0.0214854220004043,0.0181833453772585,1.18242749213
Amazon,2023-10-29 00:00:00.000,127.74,0,-0.00140339641881215,-0.00011408842783539,-9.55502048187762E-06,0.0214273923615665,0.000525025219853216,1.18242749213
Amazon,2023-10-30 00:00:00.000,132.71,0.0389071551589166,0.0375037587401045,0.01056306463863,0.000562749540979865,0.022551344779269,0.0580983590781917,1.18242749213
Amazon,2023-10-31 00:00:00.000,133.09,0.00286338633109784,0.0403671450712023,0.0094631105946968,0.000596092103155488,0.0225500470837132,0.062395400032062,1.18242749213
JPMorgan,2023-07-01 00:00:00.000,145.44,0,0,0,0,0,0,0.26302325387099
JPMorgan,2023-07-02 00:00:00.000,145.44,0,0,0,0,0,0,0.26302325387099
JPMorgan,2023-07-03 00:00:00.000,146.61,0.00804455445544572,0.00804455445544572,0.00804455445544572,0.00804455445544572,0.00568835900707012,1.39359184815136,0.26302325387099
JPMorgan,2023-07-04 00:00:00.000,146.61,0,0.00804455445544572,0.00804455445544572,0.00804455445544572,0.00464452568036219,0.68416775470949,0.26302325387099
JPMorgan,2023-07-05 00:00:00.000,144.64,-0.0134370097537687,-0.005392455298323,-0.0026962276491615,-0.0026962276491615,0.00890689702746144,-0.0511472544619292,0.26302325387099
JPMorgan,2023-07-06 00:00:00.000,143.21,-0.00988661504424759,-0.0152790703425706,-0.00509302344752353,-0.00509302344752353,0.00860702106474717,-0.328934806902559,0.26302325387099
JPMorgan,2023-07-07 00:00:00.000,144.34,0.00789051043921507,-0.00738855990335552,-0.00184713997583888,-0.00184713997583888,0.00890140359673424,-0.0884965865176253,0.26302325387099
JPMorgan,2023-07-08 00:00:00.000,144.34,0,-0.00738855990335552,-0.00184713997583888,-0.00184713997583888,0.00813915138213147,-0.0761492017939923,0.26302325387099
JPMorgan,2023-07-09 00:00:00.000,144.34,0,-0.00738855990335552,-0.00184713997583888,-0.00184713997583888,0.00754462483544532,-0.0674918851103162,0.26302325387099
JPMorgan,2023-07-10 00:00:00.000,145.15,0.00561175003464043,-0.00177680986871509,-0.000355361973743018,-0.000355361973743018,0.00738591864872133,0.0339331403114899,0.26302325387099
JPMorgan,2023-07-11 00:00:00.000,147.42,0.0156389941439889,0.0138621842752739,0.00231036404587898,0.00231036404587898,0.00857727786741001,0.231232675875473,0.26302325387099
JPMorgan,2023-07-12 00:00:00.000,148.15,0.00495183828517165,0.0188140225604455,0.00268771750863507,0.00268771750863507,0.00820783235450011,0.267010886321728,0.26302325387099
JPMorgan,2023-07-13 00:00:00.000,148.87,0.00485993925075934,0.0236739618112048,0.00223277247939416,0.00295924522640061,0.00787849940771709,0.297461890788162,0.26302325387099
JPMorgan,2023-07-14 00:00:00.000,149.77,0.0060455430912878,0.0297195049024926,0.00270936880588087,0.00330216721138807,0.00762719558785531,0.337444250778004,0.26302325387099
JPMorgan,2023-07-15 00:00:00.000,149.77,0,0.0297195049024926,0.00501599431440223,0.00330216721138807,0.00735339987694095,0.310259899954748,0.26302325387099
JPMorgan,2023-07-16 00:00:00.000,149.77,0,0.0297195049024926,0.00749976254084387,0.00330216721138807,0.00710708054506501,0.286919536395669,0.26302325387099
JPMorgan,2023-07-17 00:00:00.000,153.38,0.0241036255591907,0.0538231304616833,0.0102019483941731,0.00538231304616833,0.00881649309842036,0.449166191563404,0.26302325387099
JPMorgan,2023-07-18 00:00:00.000,153.66,0.00182553136002084,0.0556486618217041,0.00900531738929424,0.00505896925651856,0.00854468313528677,0.433588118757146,0.26302325387099
JPMorgan,2023-07-19 00:00:00.000,154.25,0.00383964597162567,0.0594883077933298,0.00835960846208567,0.00495735898277748,0.00829063442322194,0.434493617295038,0.26302325387099
JPMorgan,2023-07-20 00:00:00.000,156.15,0.0123176661264182,0.071805973919748,0.00919784797355788,0.00552353645536523,0.00831812985010942,0.491839494043249,0.26302325387099
JPMorgan,2023-07-21 00:00:00.000,154.95,-0.00768491834774265,0.0641210555720053,0.00628235891209143,0.00458007539800038,0.0084924089027997,0.4175990487068,0.26302325387099
JPMorgan,2023-07-22 00:00:00.000,154.95,0,0.0641210555720053,0.00647243328736569,0.00458007539800038,0.00830689015048748,0.39601303352289,0.26302325387099
JPMorgan,2023-07-23 00:00:00.000,154.95,0,0.0641210555720053,0.00674118229346674,0.00458007539800038,0.00813279033483123,0.376468434273551,0.26302325387099
JPMorgan,2023-07-24 00:00:00.000,158,0.0196837689577283,0.0838048245297336,0.00901421993787349,0.00558698830198224,0.00868113624692287,0.461806506333774,0.26302325387099
JPMorgan,2023-07-25 00:00:00.000,156.82,-0.00746835443037974,0.0763364700993538,0.00665956645669446,0.00477102938120962,0.00878808327522468,0.404198593167886,0.26302325387099
JPMorgan,2023-07-26 00:00:00.000,157.76,0.0059941334013518,0.0823306035007056,0.00657638732477663,0.0048429766765121,0.00862143221246398,0.415759215469368,0.26302325387099
JPMorgan,2023-07-27 00:00:00.000,156.02,-0.0110294117647057,0.0713011917359999,0.00218475765928958,0.00396117731866666,0.00890201375311443,0.349042581932656,0.26302325387099
JPMorgan,2023-07-28 00:00:00.000,156.91,0.00570439687219571,0.0770055886081956,0.00266961584831144,0.00405292571622082,0.00874773590577457,0.360182874773248,0.26302325387099
JPMorgan,2023-07-29 00:00:00.000,156.91,0,0.0770055886081956,0.00250246868783797,0.00405292571622082,0.00860111685568866,0.346337649945565,0.26302325387099
JPMorgan,2023-07-30 00:00:00.000,156.91,0,0.0770055886081956,0.000866602448074609,0.00405292571622082,0.00846155483336577,0.333473336041891,0.26302325387099
JPMorgan,2023-07-31 00:00:00.000,157.96,0.00669173411509782,0.0836973227232934,0.00326271119188135,0.00418486613616467,0.00834698104489963,0.349134314362201,0.26302325387099
JPMorgan,2023-08-01 00:00:00.000,157.18,-0.00493795897695615,0.0787593637463373,0.00209118688204743,0.00375044589268273,0.00845192137236706,0.317559172602717,0.26302325387099
JPMorgan,2023-08-02 00:00:00.000,155.4,-0.0113245960045807,0.0674347677417566,0.000414214021218912,0.00306521671553439,0.00875793345707959,0.227557406368933,0.26302325387099
JPMorgan,2023-08-03 00:00:00.000,156.35,0.00611325611325597,0.0735480238550126,-0.00128210008434013,0.00319774016760924,0.00878137177915234,0.251159404841701,0.26302325387099
JPMorgan,2023-08-04 00:00:00.000,156.02,-0.00211064918452175,0.0714373746704908,-0.000612386928607878,0.00297655727793712,0.00831787968794169,0.29295694524052,0.26302325387099
JPMorgan,2023-08-05 00:00:00.000,156.02,0,0.0714373746704908,-0.00155617554717355,0.00297655727793712,0.00799737908245698,0.331211268394464,0.26302325387099
JPMorgan,2023-08-06 00:00:00.000,156.02,0,0.0714373746704908,2.26971557484856E-05,0.00297655727793712,0.00795691935047982,0.301611313460489,0.26302325387099
JPMorgan,2023-08-07 00:00:00.000,156.76,0.00474298166901677,0.0761803563395076,-0.000137538711448004,0.0030472142535803,0.00795002873423184,0.321486528755393,0.26302325387099
JPMorgan,2023-08-08 00:00:00.000,155.88,-0.00561367695840775,0.0705666793810998,-0.000919844175299397,0.00271410305311922,0.0080828126137238,0.298370362429073,0.26302325387099
JPMorgan,2023-08-09 00:00:00.000,153.79,-0.0134077495509366,0.0571589298301632,-0.00248083234725405,0.00211699740111716,0.00856956631813409,0.220964559171419,0.26302325387099
JPMorgan,2023-08-10 00:00:00.000,153.56,-0.00149554587424405,0.0556633839559192,-0.00350424234592178,0.00198797799842569,0.0081893140980015,0.154078739639271,0.26302325387099
JPMorgan,2023-08-11 00:00:00.000,154.45,0.00579578015108084,0.061459164107,-0.00216252495491716,0.00211928152093104,0.00820339683261437,0.157518592955045,0.26302325387099
JPMorgan,2023-08-12 00:00:00.000,154.45,0,0.061459164107,-0.000853657662108082,0.00211928152093104,0.00818111031061495,0.136974916403287,0.26302325387099
JPMorgan,2023-08-13 00:00:00.000,154.45,0,0.061459164107,-0.00201480995800209,0.00211928152093104,0.00813347348807278,0.110585831406453,0.26302325387099
JPMorgan,2023-08-14 00:00:00.000,154.77,0.0020718679184204,0.0635310320254204,-0.0013177237741784,0.00211770106751401,0.00813297642804191,0.119128435636751,0.26302325387099
JPMorgan,2023-08-15 00:00:00.000,150.83,-0.0254571299347418,0.0380739020906786,-0.0047662103685446,0.00122819039002189,0.00947239201988798,0.0296822149201837,0.26302325387099
JPMorgan,2023-08-16 00:00:00.000,150.19,-0.00424318769475573,0.0338307143959229,-0.00470083253432099,0.00105720982487259,0.00836264949744761,-0.0783859181646219,0.26302325387099
JPMorgan,2023-08-17 00:00:00.000,148.63,-0.0103868433317797,0.0234438710641431,-0.00659206065942056,0.000710420335277065,0.00853267320086584,-0.126084817888028,0.26302325387099
JPMorgan,2023-08-18 00:00:00.000,148.97,0.00228755971203665,0.0257314307761798,-0.00560440607561501,0.0007568067875347,0.00850652140960924,-0.132546587877724,0.26302325387099
JPMorgan,2023-08-19 00:00:00.000,148.97,0,0.0257314307761798,-0.00448964272199764,0.0007568067875347,0.00812396093473854,-0.181918542060622,0.26302325387099
JPMorgan,2023-08-20 00:00:00.000,148.97,0,0.0257314307761798,-0.0049886588632899,0.0007568067875347,0.0080441501581911,-0.151780326043702,0.26302325387099
JPMorgan,2023-08-21 00:00:00.000,149.48,0.00342350808887693,0.0291549388650567,-0.00538403754032389,0.000832998253287335,0.00808709858327547,-0.137682132808742,0.26302325387099
JPMorgan,2023-08-22 00:00:00.000,146.38,-0.0207385603425208,0.00841637852253596,-0.00757754079778058,0.000233788292292666,0.00883574682270346,-0.215881224256628,0.26302325387099
JPMorgan,2023-08-23 00:00:00.000,147.37,0.00676321901899168,0.0151795975415276,-0.00578494582068405,0.000410259393014261,0.00802750784143254,-0.263415000895409,0.26302325387099
JPMorgan,2023-08-24 00:00:00.000,147.23,-0.000949989821537711,0.0142296077199899,-0.00616267803817881,0.000374463361052367,0.0079704563515334,-0.239106024400691,0.26302325387099
JPMorgan,2023-08-25 00:00:00.000,147.05,-0.00122257692046446,0.0130070307995255,-0.00313335891139414,0.000333513610244243,0.007826272300688,-0.267534572526224,0.26302325387099
JPMorgan,2023-08-26 00:00:00.000,147.05,0,0.0130070307995255,-0.00297481194234249,0.000333513610244243,0.00765987297581082,-0.226306486918326,0.26302325387099
JPMorgan,2023-08-27 00:00:00.000,147.05,0,0.0130070307995255,-0.00173947337743628,0.000333513610244243,0.00753324192337992,-0.248115209391006,0.26302325387099
JPMorgan,2023-08-28 00:00:00.000,147.56,0.00346820809248549,0.016475238892011,-0.00154269864736147,0.000411880972300274,0.00759347986030275,-0.232951034310866,0.26302325387099
JPMorgan,2023-08-29 00:00:00.000,148.76,0.00813228517213327,0.0246075240641442,-0.000160558101719364,0.000600183513759616,0.00781005854472769,-0.198280985246266,0.26302325387099
JPMorgan,2023-08-30 00:00:00.000,148.16,-0.00403334229631613,0.0205741817678281,-0.00064465612604396,0.000489861470662574,0.00765439436352425,-0.242610929466412,0.26302325387099
JPMorgan,2023-08-31 00:00:00.000,146.33,-0.0123515118790496,0.00822266988877851,-0.00261653362203478,0.000191224881134384,0.00786579113980503,-0.27551344341448,0.26302325387099
JPMorgan,2023-09-01 00:00:00.000,146.82,0.00334859563999168,0.0115712655287702,0.000394360875779279,0.00026298330747205,0.0077438277954703,-0.21805563159525,0.26302325387099
JPMorgan,2023-09-02 00:00:00.000,146.82,0,0.0115712655287702,-0.000515476001822493,0.00026298330747205,0.00760592866632722,-0.241329841048785,0.26302325387099
JPMorgan,2023-09-03 00:00:00.000,146.82,0,0.0115712655287702,-0.000443057031869957,0.00026298330747205,0.00761525643621265,-0.232914931595733,0.26302325387099
JPMorgan,2023-09-04 00:00:00.000,146.82,0,0.0115712655287702,-0.000287153054151057,0.00026298330747205,0.00761525643621265,-0.232939465183815,0.26302325387099
JPMorgan,2023-09-05 00:00:00.000,145.2,-0.0110339190845934,0.000537346444176801,-0.00207828072589145,1.19410320928178E-05,0.00778022188503355,-0.280223995042932,0.26302325387099
JPMorgan,2023-09-06 00:00:00.000,144.96,-0.00165289256198331,-0.00111554611780651,-0.00201751098819028,-2.42510025610111E-05,0.00766556373165794,-0.307316413999314,0.26302325387099
JPMorgan,2023-09-07 00:00:00.000,143.72,-0.00855408388520973,-0.00966963000301624,-0.00373498127071817,-0.000205736808574814,0.00772430968003173,-0.321102316173459,0.26302325387099
JPMorgan,2023-09-08 00:00:00.000,143.83,0.000765377122182054,-0.00890425288083418,-0.00478739670642549,-0.000185505268350712,0.00747459898482011,-0.265603342352965,0.26302325387099
JPMorgan,2023-09-09 00:00:00.000,143.83,0,-0.00890425288083418,-0.00491307244144372,-0.000185505268350712,0.00748445459781952,-0.259560920863174,0.26302325387099
JPMorgan,2023-09-10 00:00:00.000,143.83,0,-0.00890425288083418,-0.00342538455392254,-0.000185505268350712,0.00734573767999145,-0.283166898505895,0.26302325387099
JPMorgan,2023-09-11 00:00:00.000,144.46,0.00438017103525001,-0.00452408184558417,-0.00321906947487087,-9.23282009302892E-05,0.00743692856572145,-0.263582197420165,0.26302325387099
JPMorgan,2023-09-12 00:00:00.000,146.34,0.0130139831095113,0.00848990126392712,-0.000513560710807178,0.000169798025278542,0.00793267919252851,-0.208909255823004,0.26302325387099
JPMorgan,2023-09-13 00:00:00.000,146.41,0.000478338116714383,0.00896823938064151,-0.000371860878304098,0.000175847830992971,0.00791140358855619,-0.215398960255321,0.26302325387099
JPMorgan,2023-09-14 00:00:00.000,149.25,0.019397582132368,0.0283658215130095,0.00209931949802991,0.000545496567557875,0.00751874593812568,-0.039926085149269,0.26302325387099
JPMorgan,2023-09-15 00:00:00.000,148.81,-0.00294807370184258,0.0254177478111669,0.00311005017087376,0.000479580147380508,0.00749915734295421,-0.0361706946954195,0.26302325387099
JPMorgan,2023-09-16 00:00:00.000,148.81,0,0.0254177478111669,0.00379047056128192,0.000479580147380508,0.00725217290693329,0.00432513831337298,0.26302325387099
JPMorgan,2023-09-17 00:00:00.000,148.81,0,0.0254177478111669,0.00584789630236386,0.000479580147380508,0.00724002288035501,-0.00471921546750896,0.26302325387099
JPMorgan,2023-09-18 00:00:00.000,149.12,0.00208319333378126,0.0275009411449482,0.00606753233763039,0.00050927668786941,0.0072501096545057,0.00480052835106,0.26302325387099
JPMorgan,2023-09-19 00:00:00.000,148.93,-0.00127414163090123,0.0262267995140469,0.0050187217706973,0.000476850900255399,0.00725419792738961,-0.00110713647869878,0.26302325387099
JPMorgan,2023-09-20 00:00:00.000,148.3,-0.00423017525011749,0.0219966242639295,0.00386260964309545,0.000392796861855883,0.0072648239537172,-0.0346822436743302,0.26302325387099
JPMorgan,2023-09-21 00:00:00.000,147.14,-0.0078219824679705,0.014174641795959,0.00233734045519289,0.000248677926244894,0.0063306878900046,0.00219445479756311,0.26302325387099
JPMorgan,2023-09-22 00:00:00.000,145.73,-0.00958271034389013,0.00459193145206882,-0.000487246226482288,7.9171231932221E-05,0.00644795210058504,-0.0755471621216462,0.26302325387099
JPMorgan,2023-09-23 00:00:00.000,145.73,0,0.00459193145206882,-0.000625186846938955,7.9171231932221E-05,0.00644725144352029,-0.0716901012509714,0.26302325387099
JPMorgan,2023-09-24 00:00:00.000,145.73,0,0.00459193145206882,-0.00396231501015678,7.9171231932221E-05,0.0064452213965631,-0.0665900076118812,0.26302325387099
JPMorgan,2023-09-25 00:00:00.000,146.45,0.00494064365607638,0.0095325751081452,-0.00264752878383695,0.00016156906962958,0.00651537575304138,-0.0414028352491736,0.26302325387099
JPMorgan,2023-09-26 00:00:00.000,144.93,-0.0103789689313758,-0.000846393823230596,-0.00375202023348536,-1.41065637205099E-05,0.0067792321300683,-0.0924937246951601,0.26302325387099
JPMorgan,2023-09-27 00:00:00.000,145.78,0.00586490029669484,0.00501850647346425,-0.00254990516721283,8.22705979256434E-05,0.00684098266260925,-0.0791975867354928,0.26302325387099
JPMorgan,2023-09-28 00:00:00.000,147.59,0.0124159692687611,0.0174344757422253,-0.00125830817534035,0.000281201221648796,0.00706583483900661,-0.0553861282338499,0.26302325387099
JPMorgan,2023-09-29 00:00:00.000,145.02,-0.0174131038688258,2.13718733995671E-05,-0.00327567845508092,3.39236085707415E-07,0.00770677592826889,-0.113133394823525,0.26302325387099
JPMorgan,2023-09-30 00:00:00.000,145.02,0,2.13718733995671E-05,-0.0031393217700757,3.39236085707415E-07,0.00738525131409242,-0.0608229999313603,0.26302325387099
JPMorgan,2023-10-01 00:00:00.000,145.02,0,2.13718733995671E-05,-0.00235887832042656,3.39236085707415E-07,0.0073538600098575,-0.0752638175146583,0.26302325387099
JPMorgan,2023-10-02 00:00:00.000,143.77,-0.00861950075851603,-0.00859812888511646,-0.00219834338953088,-0.000134345763829945,0.00750512644727918,-0.113553447313035,0.26302325387099
JPMorgan,2023-10-03 00:00:00.000,142.71,-0.00737288725046947,-0.0159710161355859,-0.00293756394109354,-0.000245707940547476,0.00760243716102521,-0.14588117134662,0.26302325387099
JPMorgan,2023-10-04 00:00:00.000,143.35,0.00448461915773235,-0.0114863969778536,-0.0020097910537403,-0.000174036317846266,0.00766494557895742,-0.126375120446826,0.26302325387099
JPMorgan,2023-10-05 00:00:00.000,142.9,-0.00313916986396923,-0.0146255668418228,-0.003019767743746,-0.000218292042415266,0.00743235102318695,-0.0932041293840865,0.26302325387099
JPMorgan,2023-10-06 00:00:00.000,145.1,0.0153953813855843,0.00076981454376146,0.000202026045874007,1.13208021141391E-05,0.00797363421712522,-0.021637364460236,0.26302325387099
JPMorgan,2023-10-07 00:00:00.000,145.1,0,0.00076981454376146,-0.000606955989957541,1.13208021141391E-05,0.00780605387936196,0.0152820610596149,0.26302325387099
JPMorgan,2023-10-08 00:00:00.000,145.1,0,0.00076981454376146,-0.00277744353307731,1.13208021141391E-05,0.0078058934038049,0.0118910271092633,0.26302325387099
JPMorgan,2023-10-09 00:00:00.000,144.77,-0.00227429359062703,-0.00150447904686557,-0.000254308486710856,-2.1804044157472E-05,0.00782016394287496,0.00221931160962886,0.26302325387099
JPMorgan,2023-10-10 00:00:00.000,145.65,0.00607860744629418,0.00457412839942861,0.000650393789432721,6.53446914204087E-05,0.00789197123713352,0.0279303793917183,0.26302325387099
JPMorgan,2023-10-11 00:00:00.000,146.15,0.00343288705801581,0.00800701545744442,0.000998205448005607,-5.36271400018519E-07,0.00787758317616279,0.0228532368624959,0.26302325387099
JPMorgan,2023-10-12 00:00:00.000,145.81,-0.00232637700992133,0.00568063844752309,0.00178484591657994,-3.32945916608821E-05,0.00752158428051095,-0.0421685966549485,0.26302325387099
JPMorgan,2023-10-13 00:00:00.000,148,0.0150195459845004,0.0207001844320235,0.00458390007095118,0.000367501968033049,0.00801224438163191,0.0183080327706482,0.26302325387099
JPMorgan,2023-10-14 00:00:00.000,148,0,0.0207001844320235,0.00459808305855387,0.000513989353922772,0.00716324133531546,-0.0677143081874203,0.26302325387099
JPMorgan,2023-10-15 00:00:00.000,148,0,0.0207001844320235,0.00588762521230772,0.000407083251237377,0.00714522872902811,-0.0546361133237758,0.26302325387099
JPMorgan,2023-10-16 00:00:00.000,147.85,-0.00101351351351353,0.01968667091851,0.00315280939579142,0.000386789011740935,0.00714685541931223,-0.05937114228246,0.26302325387099
JPMorgan,2023-10-17 00:00:00.000,147.53,-0.00216435576597895,0.017522315152531,0.00239321437268136,0.000350857395153331,0.00715577913992737,-0.069459588048952,0.26302325387099
JPMorgan,2023-10-18 00:00:00.000,145.91,-0.0109808174608554,0.00654149769167556,0.000721460393489262,0.000117159261413953,0.00740135912128762,-0.128480381121472,0.26302325387099
JPMorgan,2023-10-19 00:00:00.000,145.29,-0.00424919470906726,0.0022923029826083,0.000474597753684233,-0.000162956074544585,0.00742921433956862,-0.141678199984973,0.26302325387099
JPMorgan,2023-10-20 00:00:00.000,142.95,-0.0161057195952922,-0.0138134166126839,-0.00229844312651406,-0.000459541396804639,0.0079186671705579,-0.190020787479799,0.26302325387099
JPMorgan,2023-10-21 00:00:00.000,142.95,0,-0.0138134166126839,-0.0031172045814469,-0.000535533977484125,0.00782106846712916,-0.148717557001386,0.26302325387099
JPMorgan,2023-10-22 00:00:00.000,142.95,0,-0.0138134166126839,-0.00324900917670116,-0.000630911906017051,0.00764941977078347,-0.0990835301604649,0.26302325387099
JPMorgan,2023-10-23 00:00:00.000,141,-0.0136411332633787,-0.0274545498760626,-0.00802578905134767,-0.000816772211122217,0.00800869120098982,-0.15574165943714,0.26302325387099
JPMorgan,2023-10-24 00:00:00.000,141.17,0.00120567375886527,-0.0262488761171973,-0.00670700864988868,-0.000788287056615351,0.00801725712442971,-0.150609875349847,0.26302325387099
JPMorgan,2023-10-25 00:00:00.000,140.4,-0.00545441666076352,-0.0317032927779608,-0.00655043465124804,-0.00120459751041752,0.00797492174989256,-0.198575085155049,0.26302325387099
JPMorgan,2023-10-26 00:00:00.000,140.76,0.00256410256410256,-0.0291391902138582,-0.00610323264154602,-0.00119419509909243,0.00781958351823688,-0.13653492831279,0.26302325387099
JPMorgan,2023-10-27 00:00:00.000,135.69,-0.0360187553282182,-0.0651579455420764,-0.0103350325868259,-0.00175558103289305,0.00999777443476145,-0.285020978660149,0.26302325387099
JPMorgan,2023-10-28 00:00:00.000,135.69,0,-0.0651579455420764,-0.0102427776048217,-0.00195662742088321,0.00961558941663435,-0.343447025794524,0.26302325387099
JPMorgan,2023-10-29 00:00:00.000,135.69,0,-0.0651579455420764,-0.0112417080874475,-0.00187360871179829,0.00921745570998051,-0.268048747142025,0.26302325387099
JPMorgan,2023-10-30 00:00:00.000,137.42,0.0127496499373572,-0.0524082956047193,-0.0064324798320059,-0.00166470501681035,0.00960678499982434,-0.223687962237312,0.26302325387099
JPMorgan,2023-10-31 00:00:00.000,139.06,0.0119342162712852,-0.0404740793334341,-0.00380866610296431,-0.00147317091416112,0.00992351964652922,-0.183462967679334,0.26302325387099
Nvidia,2023-07-01 00:00:00.000,42.302,0,0,0,0,0,0,2.01411283525527
Nvidia,2023-07-02 00:00:00.000,42.302,0,0,0,0,0,0,2.01411283525527
Nvidia,2023-07-03 00:00:00.000,42.413,0.00262398940948416,0.00262398940948416,0.00262398940948416,0.00262398940948416,0.00185544070520794,1.35099207892434,2.01411283525527
Nvidia,2023-07-04 00:00:00.000,42.413,0,0.00262398940948416,0.00262398940948416,0.00262398940948416,0.00151496099191641,0.636780945654355,2.01411283525527
Nvidia,2023-07-05 00:00:00.000,42.317,-0.00226345695895114,0.000360532450533024,0.000180266225266512,0.000180266225266512,0.0019980041636708,0.0273308220473865,2.01411283525527
Nvidia,2023-07-06 00:00:00.000,42.103,-0.00505706926294391,-0.00469653681241089,-0.00156551227080363,-0.00156551227080363,0.00287971421109176,-0.428710780379325,2.01411283525527
Nvidia,2023-07-07 00:00:00.000,42.503,0.0095005106524475,0.00480397384003661,0.00120099346000915,0.00120099346000915,0.00497987648918386,0.0338763419921136,2.01411283525527
Nvidia,2023-07-08 00:00:00.000,42.503,0,0.00480397384003661,0.00120099346000915,0.00120099346000915,0.00455604597116992,0.023939147657211,2.01411283525527
Nvidia,2023-07-09 00:00:00.000,42.503,0,0.00480397384003661,0.00120099346000915,0.00120099346000915,0.0042250518074866,0.0165530048233728,2.01411283525527
Nvidia,2023-07-10 00:00:00.000,42.18,-0.00759946356727759,-0.00279548972724097,-0.000559097945448195,-0.000559097945448195,0.00480528029287201,-0.186252779485983,2.01411283525527
Nvidia,2023-07-11 00:00:00.000,42.405,0.00533428165007122,0.00253879192283024,0.000423131987138374,0.000423131987138374,0.00486945206595286,-0.0465170730827321,2.01411283525527
Nvidia,2023-07-12 00:00:00.000,43.902,0.0353024407499116,0.0378412326727419,0.00540589038182027,0.00540589038182027,0.0115331385980603,0.26321322785308,2.01411283525527
Nvidia,2023-07-13 00:00:00.000,45.977,0.0472643615325041,0.085105594205246,0.0117830863993945,0.0106381992756557,0.0167621072411543,0.494986264561751,2.01411283525527
Nvidia,2023-07-14 00:00:00.000,45.469,-0.0110490027622506,0.0740565914429954,0.0089290752541889,0.00822851016033282,0.0168187296038926,0.398410665629084,2.01411283525527
Nvidia,2023-07-15 00:00:00.000,45.469,0,0.0740565914429954,0.0105280084274946,0.00822851016033282,0.0162304792454149,0.367207739645343,2.01411283525527
Nvidia,2023-07-16 00:00:00.000,45.469,0,0.0740565914429954,0.013125521375901,0.00822851016033282,0.0156996042356528,0.340444918065163,2.01411283525527
Nvidia,2023-07-17 00:00:00.000,46.461,0.0218170621742286,0.095873653617224,0.0151782799628646,0.0095873653617224,0.0157433809034299,0.409638037124266,2.01411283525527
Nvidia,2023-07-18 00:00:00.000,47.494,0.0222337013839564,0.11810735500118,0.0161861973087348,0.0107370322728346,0.0157442114579359,0.471831409884952,2.01411283525527
Nvidia,2023-07-19 00:00:00.000,47.077,-0.00878005642818047,0.109327298573,0.0130654155916204,0.00911060821441666,0.0157175377636821,0.410777885994671,2.01411283525527
Nvidia,2023-07-20 00:00:00.000,45.52,-0.0330734753701382,0.0762538232028618,0.00988116411626284,0.00586567870791244,0.0177193289625146,0.28389357394685,2.01411283525527
Nvidia,2023-07-21 00:00:00.000,44.309,-0.0266036906854131,0.0496501325174487,0.0058889175743273,0.00354643803696062,0.0185558569154752,0.193160743585717,2.01411283525527
Nvidia,2023-07-22 00:00:00.000,44.309,0,0.0496501325174487,0.00168698569210097,0.00354643803696062,0.0180941234411905,0.183178557756136,2.01411283525527
Nvidia,2023-07-23 00:00:00.000,44.309,0,0.0496501325174487,-0.00590924361463289,0.00354643803696062,0.0176652495211988,0.174139561409622,2.01411283525527
Nvidia,2023-07-24 00:00:00.000,44.612,0.00683833984066462,0.0564884723581133,-0.00292801984748035,0.00376589815720755,0.0172855161623537,0.183897978090343,2.01411283525527
Nvidia,2023-07-25 00:00:00.000,45.679,0.023917331659643,0.0804058040177563,0.000907030367822993,0.00502536275110977,0.0174639457561614,0.235154992720309,2.01411283525527
Nvidia,2023-07-26 00:00:00.000,45.452,-0.00496946080255711,0.0754363432151992,0.00017246897152548,0.00443743195383525,0.017177025578624,0.213017797993945,2.01411283525527
Nvidia,2023-07-27 00:00:00.000,45.9,0.00985655196691027,0.0852928951821095,-0.00132259480438932,0.00473849417678386,0.016883340046901,0.227571307705738,2.01411283525527
Nvidia,2023-07-28 00:00:00.000,46.75,0.0185185185185186,0.103811413700628,-0.00178699266256904,0.00546375861582253,0.0168132007529787,0.260912812434322,2.01411283525527
Nvidia,2023-07-29 00:00:00.000,46.75,0,0.103811413700628,-0.000787983553195981,0.00546375861582253,0.0165148998356834,0.250986304495087,2.01411283525527
Nvidia,2023-07-30 00:00:00.000,46.75,0,0.103811413700628,0.00459293174962772,0.00546375861582253,0.0162319170603942,0.241764410335884,2.01411283525527
Nvidia,2023-07-31 00:00:00.000,46.729,-0.000449197860962536,0.103362215839666,0.00895201388703615,0.00516811079198328,0.0159665541183394,0.232204240471009,2.01411283525527
Nvidia,2023-08-01 00:00:00.000,46.507,-0.00475079714952176,0.0986114186901438,0.00699446945324216,0.0046957818423878,0.0160253562670939,0.214338269401001,2.01411283525527
Nvidia,2023-08-02 00:00:00.000,44.269,-0.0481217881179177,0.0504896305722261,0.000104937256847182,0.00229498320782846,0.0185733774763106,0.0827312999189198,2.01411283525527
Nvidia,2023-08-03 00:00:00.000,44.515,0.00555693600487928,0.0560465665771054,-5.52382226259862E-05,0.00243680724248284,0.0185846228380706,0.0950688171306788,2.01411283525527
Nvidia,2023-08-04 00:00:00.000,44.68,0.00370661574750075,0.0597531823246061,-0.00258157771164377,0.00248971593019192,0.0185717835979532,0.141230029746846,2.01411283525527
Nvidia,2023-08-05 00:00:00.000,44.68,0,0.0597531823246061,-0.00224045155579901,0.00248971593019192,0.0185286109640697,0.20091351766118,2.01411283525527
Nvidia,2023-08-06 00:00:00.000,44.68,0,0.0597531823246061,-0.00425661880958389,0.00248971593019192,0.0184797422112302,0.137894433541574,2.01411283525527
Nvidia,2023-08-07 00:00:00.000,45.4165,0.016483885407341,0.0762370677319472,-0.00459572432811349,0.00304948270927789,0.0186675094769343,0.167977380235074,2.01411283525527
Nvidia,2023-08-08 00:00:00.000,44.664,-0.0165688681426354,0.0596681995893118,-0.00630617344447375,0.00229493075343507,0.0189828254847318,0.139602370925112,2.01411283525527
Nvidia,2023-08-09 00:00:00.000,42.554,-0.0472416263657531,0.0124265732235587,-0.0114231050596337,0.000460243452724395,0.0209405678343459,0.117745890813796,2.01411283525527
Nvidia,2023-08-10 00:00:00.000,42.388,-0.00390092588240831,0.00852564734115036,-0.0118545710623144,0.000304487405041084,0.0209350437736166,0.0756356728727822,2.01411283525527
Nvidia,2023-08-11 00:00:00.000,40.855,-0.0361658960083042,-0.0276402486671539,-0.0157814584196622,-0.000953112023005306,0.0208690355141661,-0.0840109955202718,2.01411283525527
Nvidia,2023-08-12 00:00:00.000,40.855,0,-0.0276402486671539,-0.0111614113199114,-0.000953112023005306,0.0186762521420792,-0.177977579983078,2.01411283525527
Nvidia,2023-08-13 00:00:00.000,40.855,0,-0.0276402486671539,-0.0139478025407099,-0.000953112023005306,0.0186364198741179,-0.156056693449617,2.01411283525527
Nvidia,2023-08-14 00:00:00.000,43.753,0.0709337902337537,0.0432935415665998,-0.00274327345966772,0.00144311805221999,0.0230568763707389,-0.0534363644785875,2.01411283525527
Nvidia,2023-08-15 00:00:00.000,43.94,0.00427399264050465,0.0475675342071045,-0.00174080687392881,0.00153443658732595,0.0230766267833156,-0.0471831224118866,2.01411283525527
Nvidia,2023-08-16 00:00:00.000,43.486,-0.0103322712790168,0.0372352629280877,-0.00281473992456481,0.00116360196650274,0.0227300011970257,-0.108452049488246,2.01411283525527
Nvidia,2023-08-17 00:00:00.000,43.3435,-0.00327691670882579,0.0339583462192619,-0.00528484018908566,0.00102904079452309,0.0222663473900679,-0.160357690687562,2.01411283525527
Nvidia,2023-08-18 00:00:00.000,43.299,-0.0010266822014835,0.0329316640177784,-0.00334206694644168,0.000968578353464069,0.0222395836386675,-0.143203046766709,2.01411283525527
Nvidia,2023-08-19 00:00:00.000,43.299,0,0.0329316640177784,0.00292929868488853,0.000968578353464069,0.021480946924626,-0.0809470832717364,2.01411283525527
Nvidia,2023-08-20 00:00:00.000,43.299,0,0.0329316640177784,0.00406766944610467,0.000968578353464069,0.0209490254847636,-0.0331327259440567,2.01411283525527
Nvidia,2023-08-21 00:00:00.000,46.967,0.0847132728238527,0.117644936841631,0.0242141975847975,0.00336128390976089,0.0261022750444596,0.0751147854448224,2.01411283525527
Nvidia,2023-08-22 00:00:00.000,45.668,-0.0276577171205314,0.0899872197210996,0.0168039240554648,0.00249964499225277,0.0266674004713544,0.0406183102729542,2.01411283525527
Nvidia,2023-08-23 00:00:00.000,47.116,0.0317071034422354,0.121694323163335,0.0186668214788111,0.00328903576117121,0.0272247630433118,0.0663352633759197,2.01411283525527
Nvidia,2023-08-24 00:00:00.000,47.163,0.000997537991340502,0.122691861154675,0.00992478994850945,0.00322873318828093,0.0269133496978889,0.0219984939793781,2.01411283525527
Nvidia,2023-08-25 00:00:00.000,46.018,-0.024277505671819,0.0984143554828565,0.006355852659469,0.00252344501238094,0.0272992542278598,0.00208284424856242,2.01411283525527
Nvidia,2023-08-26 00:00:00.000,46.018,0,0.0984143554828565,0.00873987036496698,0.00252344501238094,0.0272453337277077,-0.0172891891346553,2.01411283525527
Nvidia,2023-08-27 00:00:00.000,46.018,0,0.0984143554828565,0.0107426682105991,0.00252344501238094,0.0270304877100196,-0.0539155262141575,2.01411283525527
Nvidia,2023-08-28 00:00:00.000,46.835,0.0177539223781999,0.116168277861056,0.0138727689738797,0.00290420694652641,0.0272281887870451,-0.0320876355694454,2.01411283525527
Nvidia,2023-08-29 00:00:00.000,48.784,0.0416141774314081,0.157782455292464,0.0178358273249552,0.00384835256810889,0.028247421240904,0.0171215882907611,2.01411283525527
Nvidia,2023-08-30 00:00:00.000,49.264,0.00983929157100705,0.167621746863472,0.0168362603557116,0.0039909939729398,0.0282816195597451,0.0297628189701812,2.01411283525527
Nvidia,2023-08-31 00:00:00.000,49.355,0.00184719064631356,0.169468937509785,0.00647800008351926,0.00394113808162291,0.0282518082999365,0.0419296825654166,2.01411283525527
Nvidia,2023-09-01 00:00:00.000,48.509,-0.0171411204538546,0.15232781705593,0.00779257466685386,0.00346199584218024,0.0268755407780429,0.107098216050957,2.01411283525527
Nvidia,2023-09-02 00:00:00.000,48.509,0,0.15232781705593,0.00437621341322793,0.00346199584218024,0.0268792731547979,0.0971962352445201,2.01411283525527
Nvidia,2023-09-03 00:00:00.000,48.509,0,0.15232781705593,0.0049393259835425,0.00346199584218024,0.0268854269636714,0.0906085669153182,2.01411283525527
Nvidia,2023-09-04 00:00:00.000,48.509,0,0.15232781705593,0.0107826923146148,0.00346199584218024,0.0268854269636714,0.0906741620377138,2.01411283525527
Nvidia,2023-09-05 00:00:00.000,48.548,0.000803974520192208,0.153131791576123,0.00911957268221103,0.00340292870169161,0.0268826455322553,0.0917371942732354,2.01411283525527
Nvidia,2023-09-06 00:00:00.000,47.061,-0.0306294801021669,0.122502311473956,0.00344113657015704,0.00266309372769469,0.027444848728193,0.0251687533155532,2.01411283525527
Nvidia,2023-09-07 00:00:00.000,46.241,-0.0174241941310215,0.105078117342934,-0.00158430864544602,0.00223570462431775,0.0274647490792172,0.0331795124820882,2.01411283525527
Nvidia,2023-09-08 00:00:00.000,45.572,-0.0144676801972276,0.0906104371457067,-0.00959600259239397,0.00188771744053556,0.0260752104902674,0.0899210048418381,2.01411283525527
Nvidia,2023-09-09 00:00:00.000,45.572,0,0.0906104371457067,-0.0128352182862941,0.00188771744053556,0.026051358007614,0.0961688439477296,2.01411283525527
Nvidia,2023-09-10 00:00:00.000,45.572,0,0.0906104371457067,-0.0157717000728157,0.00188771744053556,0.0250048560344729,0.153966273220905,2.01411283525527
Nvidia,2023-09-11 00:00:00.000,45.178,-0.00864565961555352,0.0819647775301532,-0.0140726079051555,0.00167275056183986,0.0251014869699273,0.14253892450903,2.01411283525527
Nvidia,2023-09-12 00:00:00.000,44.87,-0.00681747753331263,0.0751472999968406,-0.0128634195098483,0.00150294599993681,0.0251664793808922,0.133563526317217,2.01411283525527
Nvidia,2023-09-13 00:00:00.000,45.485,0.0137062625362159,0.0888535625330564,-0.00906775064612486,0.00174222671633444,0.021819355036892,0.0519439027570052,2.01411283525527
Nvidia,2023-09-14 00:00:00.000,45.581,0.00211058590744218,0.0909641484404986,-0.00767045857692898,0.00174931054693267,0.0218135088734461,0.0489856640499407,2.01411283525527
Nvidia,2023-09-15 00:00:00.000,43.9,-0.0368794015050131,0.0540847469354855,-0.0123808805800796,0.00102046692331105,0.0228229258386234,0.0102754499877684,2.01411283525527
Nvidia,2023-09-16 00:00:00.000,43.9,0,0.0540847469354855,-0.00977393779121004,0.00102046692331105,0.0228117598919147,0.0151852828960138,2.01411283525527
Nvidia,2023-09-17 00:00:00.000,43.9,0,0.0540847469354855,-0.00849889506790813,0.00102046692331105,0.0228098954012357,0.0167284999246089,2.01411283525527
Nvidia,2023-09-18 00:00:00.000,43.966,0.00150341685649202,0.0555881637919775,-0.00583704555895487,0.00102941044059218,0.0228099443767572,0.0189361251828484,2.01411283525527
Nvidia,2023-09-19 00:00:00.000,43.52,-0.0101442023381704,0.0454439614538071,-0.00645235367027137,0.000826253844614675,0.0228965515642974,0.004183834981162,2.01411283525527
Nvidia,2023-09-20 00:00:00.000,42.239,-0.0294347426470589,0.0160092188067482,-0.00932515229236981,0.000285878907263361,0.0171748281073078,-0.161202923508083,2.01411283525527
Nvidia,2023-09-21 00:00:00.000,41.017,-0.0289306091526786,-0.0129213903459304,-0.0118607709845105,-0.000226691058700534,0.0172383083447402,-0.182654405679284,2.01411283525527
Nvidia,2023-09-22 00:00:00.000,41.61,0.0144574200941072,0.00153602974817679,-0.00920140878108297,2.64832715202895E-05,0.0162873278805054,-0.191983975495161,2.01411283525527
Nvidia,2023-09-23 00:00:00.000,41.61,0,0.00153602974817679,-0.0124739332549828,2.64832715202895E-05,0.0162777776938231,-0.193314395635788,2.01411283525527
Nvidia,2023-09-24 00:00:00.000,41.61,0,0.00153602974817679,-0.0149046864487203,2.64832715202895E-05,0.0158343387807454,-0.163774429387107,2.01411283525527
Nvidia,2023-09-25 00:00:00.000,42.222,0.0147080028839222,0.0162440326320989,-0.00630678571723109,0.000275322586984728,0.0161620769451397,-0.13353845495739,2.01411283525527
Nvidia,2023-09-26 00:00:00.000,41.911,-0.00736582824120124,0.0088782043908977,-0.00645807750636968,0.000147970073181628,0.0161749763631278,-0.148815010419996,2.01411283525527
Nvidia,2023-09-27 00:00:00.000,42.468,0.0132900670468374,0.0221682714377351,-0.00398955943721879,0.000363414285864511,0.015997177312661,-0.142958038385806,2.01411283525527
Nvidia,2023-09-28 00:00:00.000,43.089,0.0146227747951397,0.0367910462328749,-0.00234963969488783,0.000593403971497982,0.014032027275893,-0.157468363566764,2.01411283525527
Nvidia,2023-09-29 00:00:00.000,43.499,0.00951518949151775,0.0463062357243926,0.000107784283823187,0.000735019614672899,0.0140210990369161,-0.146584663290871,2.01411283525527
Nvidia,2023-09-30 00:00:00.000,43.499,0,0.0463062357243926,0.0043281452739492,0.000735019614672899,0.0139983742311348,-0.148905024159105,2.01411283525527
Nvidia,2023-10-01 00:00:00.000,43.499,0,0.0463062357243926,0.00987127101172051,0.000735019614672899,0.0137963152527189,-0.127783075439615,2.01411283525527
Nvidia,2023-10-02 00:00:00.000,44.782,0.029494930917952,0.0758011666423446,0.0123775228156946,0.00118439322878663,0.0150507612226151,-0.0625741695526561,2.01411283525527
Nvidia,2023-10-03 00:00:00.000,43.517,-0.0282479567683442,0.0475532098740004,0.00657388287511765,0.00073158784421539,0.0157529100176755,-0.122449940617512,2.01411283525527
Nvidia,2023-10-04 00:00:00.000,44.041,0.0120412712273363,0.0595944811013367,0.00725730641914499,0.000902946683353586,0.0159964846891795,-0.0974574460083775,2.01411283525527
Nvidia,2023-10-05 00:00:00.000,44.688,0.0146908562475876,0.0742853373489243,0.00725516308960317,0.00110873637834215,0.01631091938107,-0.0685260741167804,2.01411283525527
Nvidia,2023-10-06 00:00:00.000,45.762,0.0240332975295381,0.0983186348784624,0.0111800538109456,0.00144586227762445,0.0161271899524563,0.018249681106343,2.01411283525527
Nvidia,2023-10-07 00:00:00.000,45.762,0,0.0983186348784624,0.0108786233486753,0.00144586227762445,0.0158188787943681,0.0392922121461694,2.01411283525527
Nvidia,2023-10-08 00:00:00.000,45.762,0,0.0983186348784624,0.0102545981075979,0.00144586227762445,0.0155885673946297,0.0576861427664553,2.01411283525527
Nvidia,2023-10-09 00:00:00.000,45.273,-0.0106857217778943,0.0876329131005681,0.00688777956269591,0.00127004221884881,0.0157161999016389,0.0349235180868267,2.01411283525527
Nvidia,2023-10-10 00:00:00.000,45.798,0.0115963156848453,0.0992292287854134,0.00756042758014582,0.00141756041122019,0.0158606683135629,0.0592045843103716,2.01411283525527
Nvidia,2023-10-11 00:00:00.000,46.806,0.0220096947464954,0.121238923531909,0.00936658597593952,0.00169449905889178,0.0162480802558872,0.115754071124884,2.01411283525527
Nvidia,2023-10-12 00:00:00.000,46.945,0.00296970473870872,0.124208628270618,0.00605093270353411,0.00171245970226948,0.0161773851105554,0.130816622773065,2.01411283525527
Nvidia,2023-10-13 00:00:00.000,45.461,-0.0316114602194058,0.0925971680512118,0.00563049477215143,0.00129910754367153,0.0171008321141794,0.0482103969519139,2.01411283525527
Nvidia,2023-10-14 00:00:00.000,45.461,0,0.0925971680512118,0.00471466956426787,0.00138991006948032,0.0170967218061853,0.0449357462867065,2.01411283525527
Nvidia,2023-10-15 00:00:00.000,45.461,0,0.0925971680512118,0.00305197178371458,0.00127236513349529,0.0156107803335909,0.0987196880896019,2.01411283525527
Nvidia,2023-10-16 00:00:00.000,46.095,0.0139460196652075,0.106543187716419,0.00137075880632614,0.00145341734109118,0.0157779849895919,0.128106309730283,2.01411283525527
Nvidia,2023-10-17 00:00:00.000,43.938,-0.0467946631955742,0.059748524520845,-0.00551001576537391,0.000773866910997301,0.0180991525085423,0.0418796407207684,2.01411283525527
Nvidia,2023-10-18 00:00:00.000,42.196,-0.0396467750011381,0.0201017495197069,-0.00977711066984444,0.000322496327421801,0.0195011051169294,-0.0281148891513424,2.01411283525527
Nvidia,2023-10-19 00:00:00.000,42.101,-0.00225139823679965,0.0178503512829072,-0.00872282022720761,0.000215655765634887,0.0194291460920572,-0.0172397787375918,2.01411283525527
Nvidia,2023-10-20 00:00:00.000,41.387,-0.0169592171207335,0.00089113416217379,-0.012292261827905,-0.000520423922684057,0.0189247443233397,0.0100376255142245,2.01411283525527
Nvidia,2023-10-21 00:00:00.000,41.387,0,0.00089113416217379,-0.0171925413385336,-0.00120306371490103,0.0181473958986163,0.0659914636426115,2.01411283525527
Nvidia,2023-10-22 00:00:00.000,41.387,0,0.00089113416217379,-0.0205529156847406,-0.00106036894609886,0.0179538104956719,0.0364254681142017,2.01411283525527
Nvidia,2023-10-23 00:00:00.000,42.975,0.0383695363278325,0.0392606704900063,-0.00888941626020092,-0.000497084585042702,0.0192735632097207,0.102822332830838,2.01411283525527
Nvidia,2023-10-24 00:00:00.000,43.663,0.0160093077370562,0.0552699782270625,-0.00533245568916418,-0.0002646001861399,0.0194582918850166,0.13029332008824,2.01411283525527
Nvidia,2023-10-25 00:00:00.000,41.779,-0.0431486613379748,0.0121213168890877,-0.0100594813952655,-0.00117961037645262,0.0209443336179389,0.031342196835985,2.01411283525527
Nvidia,2023-10-26 00:00:00.000,40.326,-0.0347782378707007,-0.022656920981613,-0.016150013587254,-0.00198259543637737,0.021848993008511,-0.00647404377835176,2.01411283525527
Nvidia,2023-10-27 00:00:00.000,40.5,0.00431483410206823,-0.0183420868795448,-0.00976132642504872,-0.00179816035848654,0.0217068351810076,-0.0274763540517721,2.01411283525527
Nvidia,2023-10-28 00:00:00.000,40.5,0,-0.0183420868795448,-0.00549197662846452,-0.00135137014403438,0.0214989730814241,-0.0621162365756105,2.01411283525527
Nvidia,2023-10-29 00:00:00.000,40.5,0,-0.0183420868795448,-0.00603207302707533,-0.000985394484014397,0.0213956482768672,-0.0846412369010551,2.01411283525527
Nvidia,2023-10-30 00:00:00.000,41.161,0.0163209876543211,-0.00202109922522364,-0.000485372231232906,-0.000738160453466747,0.0216582199936603,-0.0594234432106357,2.01411283525527
Nvidia,2023-10-31 00:00:00.000,40.78,-0.00925633488010491,-0.0112774341053286,-0.00173836689535748,-0.000858134741165876,0.0217003716664036,-0.0735386090249851,2.01411283525527
SPY,2023-07-01 00:00:00.000,443.28,0,0,0,0,0,0,0.650923277527589
SPY,2023-07-02 00:00:00.000,443.28,0,0,0,0,0,0,0.650923277527589
SPY,2023-07-03 00:00:00.000,443.79,0.00115051434759073,0.00115051434759073,0.00115051434759073,0.00115051434759073,0.000813536497033819,1.2700237020999,0.650923277527589
SPY,2023-07-04 00:00:00.000,443.79,0,0.00115051434759073,0.00115051434759073,0.00115051434759073,0.000664249768288032,0.54671395511182,0.650923277527589
SPY,2023-07-05 00:00:00.000,443.13,-0.00148718988710883,-0.000336675539518105,-0.000168337769759053,-0.000168337769759053,0.00108121527606723,-0.130181488206841,0.650923277527589
SPY,2023-07-06 00:00:00.000,439.66,-0.00783065917450854,-0.00816733471402664,-0.00272244490467555,-0.00272244490467555,0.00358864768629691,-0.651323994091151,0.650923277527589
SPY,2023-07-07 00:00:00.000,438.55,-0.0025246781603967,-0.0106920128744233,-0.00267300321860584,-0.00267300321860584,0.00323033899338002,-0.684632236965783,0.650923277527589
SPY,2023-07-08 00:00:00.000,438.55,0,-0.0106920128744233,-0.00267300321860584,-0.00267300321860584,0.00302482325461526,-0.576990256319028,0.650923277527589
SPY,2023-07-09 00:00:00.000,438.55,0,-0.0106920128744233,-0.00267300321860584,-0.00267300321860584,0.00285203555206942,-0.500438765663964,0.650923277527589
SPY,2023-07-10 00:00:00.000,439.66,0.00253106829323912,-0.00816094458118422,-0.00163218891623684,-0.00163218891623684,0.0029629975048628,-0.336054413879636,0.650923277527589
SPY,2023-07-11 00:00:00.000,442.46,0.00636855752172116,-0.00179238705946305,-0.000298731176577175,-0.000298731176577175,0.00361896557382306,-0.106786224444442,0.650923277527589
SPY,2023-07-12 00:00:00.000,446.02,0.00804592505537216,0.00625353799590911,0.000893362570844158,0.000893362570844158,0.00423527122629622,0.0910969692753906,0.650923277527589
SPY,2023-07-13 00:00:00.000,449.56,0.00793686381776615,0.0141904018136753,0.0018628410665835,0.00177380022670941,0.00456412456520092,0.238566894437073,0.650923277527589
SPY,2023-07-14 00:00:00.000,449.28,-0.000622831212741426,0.0135675706009338,0.00155213203166789,0.0015075078445482,0.00439841057098839,0.20466354745762,0.650923277527589
SPY,2023-07-15 00:00:00.000,449.28,0,0.0135675706009338,0.00198632087720742,0.0015075078445482,0.00423505162564963,0.186789559493312,0.650923277527589
SPY,2023-07-16 00:00:00.000,449.28,0,0.0135675706009338,0.00362248421916008,0.0015075078445482,0.00408866181451231,0.171398162275258,0.650923277527589
SPY,2023-07-17 00:00:00.000,450.84,0.00347222222222232,0.0170397928231562,0.00462196761626325,0.00170397928231562,0.00400184354167115,0.215861167918198,0.650923277527589
SPY,2023-07-18 00:00:00.000,454.19,0.00743057403957059,0.0244703668627267,0.00502319710530715,0.00222457880570243,0.00417101908433698,0.311954429917164,0.650923277527589
SPY,2023-07-19 00:00:00.000,455.2,0.00222373896386974,0.0266941058265965,0.00467326483762748,0.00222450881888304,0.00405070338373398,0.324193413755398,0.650923277527589
SPY,2023-07-20 00:00:00.000,452.18,-0.00663444639718802,0.0200596594294085,0.00352757550132408,0.00154305072533911,0.00435484622463454,0.220049379552935,0.650923277527589
SPY,2023-07-21 00:00:00.000,452.18,0,0.0200596594294085,0.00312172092698164,0.00154305072533911,0.00424526524128986,0.207013535513752,0.650923277527589
SPY,2023-07-22 00:00:00.000,452.18,0,0.0200596594294085,0.00230102023891656,0.00154305072533911,0.00414355725003512,0.195247363467262,0.650923277527589
SPY,2023-07-23 00:00:00.000,452.18,0,0.0200596594294085,0.00117385152314664,0.00154305072533911,0.00404882291874668,0.184570236616839,0.650923277527589
SPY,2023-07-24 00:00:00.000,454.2,0.00446724755628281,0.0245269069856913,0.00219186727695149,0.00175192192754938,0.00402460545111209,0.225309650317972,0.650923277527589
SPY,2023-07-25 00:00:00.000,455.44,0.00273007485689125,0.0272569818425825,0.00228156854027478,0.00181713212283883,0.00395076441632057,0.244267190114473,0.650923277527589
SPY,2023-07-26 00:00:00.000,455.51,0.000153697523274099,0.0274106793658566,0.00197758696641754,0.00171316746036604,0.00387256470723031,0.234480967902423,0.650923277527589
SPY,2023-07-27 00:00:00.000,452.49,-0.00662993128581146,0.0207807480800452,0.000534422179555571,0.00122239694588501,0.0040856958735747,0.159044585351559,0.650923277527589
SPY,2023-07-28 00:00:00.000,456.92,0.00979027160821233,0.0305710196882575,0.000871521832218677,0.00169838998268097,0.00436404477269508,0.238178038117037,0.650923277527589
SPY,2023-07-29 00:00:00.000,456.92,0,0.0305710196882575,0.000646152310276834,0.00169838998268097,0.00428780908720477,0.228343388758137,0.650923277527589
SPY,2023-07-30 00:00:00.000,456.92,0,0.0305710196882575,0.0021022720517698,0.00169838998268097,0.00421542343347533,0.219194436763106,0.650923277527589
SPY,2023-07-31 00:00:00.000,457.79,0.00190405322594756,0.032475072914205,0.00206923558079943,0.00170921436390553,0.00414501142612015,0.226500153217365,0.650923277527589
SPY,2023-08-01 00:00:00.000,456.48,-0.00286157408418708,0.029613498830018,0.00136483420008707,0.0014806749415009,0.00420329692625443,0.195326804733995,0.650923277527589
SPY,2023-08-02 00:00:00.000,450.13,-0.0139107956536979,0.0157027031763201,-0.000544619531636051,0.000747747770300955,0.00500593820717444,0.0595829561405062,0.650923277527589
SPY,2023-08-03 00:00:00.000,448.84,-0.00286583875769231,0.0128368644186277,-0.00146125532088294,0.000583493837210352,0.00504272315776519,0.0457503587072057,0.650923277527589
SPY,2023-08-04 00:00:00.000,446.81,-0.00452276980661259,0.00831409461201515,-0.00236786090382092,0.000361482374435442,0.00511166412367777,0.0649580293555236,0.650923277527589
SPY,2023-08-05 00:00:00.000,446.81,0,0.00831409461201515,-0.00272808353626307,0.000361482374435442,0.00487733998269738,0.137981387880452,0.650923277527589
SPY,2023-08-06 00:00:00.000,446.81,0,0.00831409461201515,-0.002077775578005,0.000361482374435442,0.00484413768388376,0.164436374737491,0.650923277527589
SPY,2023-08-07 00:00:00.000,450.71,0.00872854233343023,0.0170426369454454,-0.00225473045713535,0.000710109872726891,0.005062003791208,0.222434124753899,0.650923277527589
SPY,2023-08-08 00:00:00.000,448.75,-0.00434869428235451,0.0126939426630909,-0.00255386814645237,0.000507757706523635,0.00515087536535399,0.194903895366389,0.650923277527589
SPY,2023-08-09 00:00:00.000,445.75,-0.00668523676880228,0.00600870589428859,-0.00307028922424611,0.000231104072857253,0.00531503249369831,0.125087090767112,0.650923277527589
SPY,2023-08-10 00:00:00.000,445.91,0.000358945597307869,0.00636765149159646,-0.00326342767782607,0.000235838944133202,0.00519708456427575,0.0690583031080883,0.650923277527589
SPY,2023-08-11 00:00:00.000,445.65,-0.00058307730259477,0.00578457418900169,-0.00297861558012703,0.000206591935321489,0.00498652055560611,0.00197495088413833,0.650923277527589
SPY,2023-08-12 00:00:00.000,445.65,0,0.00578457418900169,-0.00141687556961691,0.000206591935321489,0.00475523120048206,-0.0559561990281365,0.650923277527589
SPY,2023-08-13 00:00:00.000,445.65,0,0.00578457418900169,-0.00117538170493768,0.000206591935321489,0.00475504330246714,-0.0511694009208281,0.650923277527589
SPY,2023-08-14 00:00:00.000,448.11,0.00552002692696063,0.0113046011159623,0.000498417750657861,0.000389813831584908,0.00487082033541934,-0.0132727274272282,0.650923277527589
SPY,2023-08-15 00:00:00.000,442.89,-0.0116489254870457,-0.000344324371083338,-0.0012369169975855,-1.14774790361113E-05,0.00530919383700141,-0.0861896885703442,0.650923277527589
SPY,2023-08-16 00:00:00.000,439.64,-0.00733816523290209,-0.00768248960398543,-0.00199957302700007,-0.000247822245289853,0.00539894401457138,-0.160164878098213,0.650923277527589
SPY,2023-08-17 00:00:00.000,436.29,-0.00761987080338455,-0.01530236040737,-0.00404312466910192,-0.000478198762730312,0.0053038773888892,-0.267235891172683,0.650923277527589
SPY,2023-08-18 00:00:00.000,436.5,0.00048133122464411,-0.0148210291827259,-0.00343937148072709,-0.000449122096446239,0.00527311917798499,-0.282268644038146,0.650923277527589
SPY,2023-08-19 00:00:00.000,436.5,0,-0.0148210291827259,-0.0029756764395735,-0.000449122096446239,0.00518368365556258,-0.23134298437978,0.650923277527589
SPY,2023-08-20 00:00:00.000,436.5,0,-0.0148210291827259,-0.00353144677905372,-0.000449122096446239,0.00518368365556258,-0.231176242877993,0.650923277527589
SPY,2023-08-21 00:00:00.000,439.34,0.00650630011454756,-0.00831472906817832,-0.00234988387619667,-0.000244550854946421,0.00536687542399202,-0.190550915478581,0.650923277527589
SPY,2023-08-22 00:00:00.000,438.15,-0.00270860836709608,-0.0110233374352744,-0.00240113023203944,-0.000314952498150697,0.00537319508188952,-0.207116095154483,0.650923277527589
SPY,2023-08-23 00:00:00.000,443.03,0.0111377382175055,0.000114400782231128,-0.00070877167584632,3.17779950642021E-06,0.0057346432290123,-0.179086348061064,0.650923277527589
SPY,2023-08-24 00:00:00.000,436.89,-0.013859106606776,-0.0137447058245449,-0.0031311633675634,-0.000371478535798511,0.00616482546878671,-0.276701510828228,0.650923277527589
SPY,2023-08-25 00:00:00.000,439.97,0.00704982947652733,-0.00669487634801758,-0.00079381899711678,-0.000176180956526778,0.00634928335220283,-0.240619453876339,0.650923277527589
SPY,2023-08-26 00:00:00.000,439.97,0,-0.00669487634801758,0.000141087607995408,-0.000176180956526778,0.00626633557445025,-0.186195822906429,0.650923277527589
SPY,2023-08-27 00:00:00.000,439.97,0,-0.00669487634801758,0.00143458067655874,-0.000176180956526778,0.00593576118330578,-0.260738374894513,0.650923277527589
SPY,2023-08-28 00:00:00.000,442.76,0.00634134145509924,-0.000353534892918339,0.00241124904830126,-9.06499725431639E-06,0.00609236701568442,-0.225772711453783,0.650923277527589
SPY,2023-08-29 00:00:00.000,449.16,0.0144547836299576,0.0141012487370392,0.00413175398853787,0.00035253121842598,0.00671634068465368,-0.153687935907803,0.650923277527589
SPY,2023-08-30 00:00:00.000,451.01,0.00411879953691319,0.0182200482739524,0.00413013468208479,0.000444391421315912,0.00675628718375581,-0.148314524966705,0.650923277527589
SPY,2023-08-31 00:00:00.000,450.35,-0.00146338218664765,0.0167566660873048,0.00313392439443538,0.000398968240173923,0.00674406903146643,-0.132503902630391,0.650923277527589
SPY,2023-09-01 00:00:00.000,451.19,0.00186521594315536,0.0186218820304601,0.00370565243321681,0.000433067023964189,0.00625378843939443,-0.0297776261142644,0.650923277527589
SPY,2023-09-02 00:00:00.000,451.19,0,0.0186218820304601,0.00264392589260414,0.000433067023964189,0.00622880322703285,-0.010686251092036,0.650923277527589
SPY,2023-09-03 00:00:00.000,451.19,0,0.0186218820304601,0.0053944313091675,0.000433067023964189,0.00616514148893298,0.0189375930970604,0.650923277527589
SPY,2023-09-04 00:00:00.000,451.19,0,0.0186218820304601,0.00506335167569554,0.000433067023964189,0.00616514148893298,0.0191050539728767,0.650923277527589
SPY,2023-09-05 00:00:00.000,449.24,-0.00432190429752433,0.0142999777329358,0.00349914234682556,0.000324999493930359,0.00622366533915311,-0.00386371641209455,0.650923277527589
SPY,2023-09-06 00:00:00.000,446.22,-0.00672246460689163,0.00757751312604416,0.00203891278200882,0.000168389180578759,0.00613216070021511,-0.097748550314854,0.650923277527589
SPY,2023-09-07 00:00:00.000,444.85,-0.00307023441351806,0.0045072787125261,0.000694401943634919,9.79843198375238E-05,0.00610755858689913,-0.086244011551333,0.650923277527589
SPY,2023-09-08 00:00:00.000,445.52,0.00150612566033481,0.00601340437286091,-0.00115540633773976,0.000127944773890658,0.00599303031080804,-0.0358570913562788,0.650923277527589
SPY,2023-09-09 00:00:00.000,445.52,0,0.00601340437286091,-0.00203444065018192,0.000127944773890658,0.00599264760047719,-0.0380594335882478,0.650923277527589
SPY,2023-09-10 00:00:00.000,445.52,0,0.00601340437286091,-0.00214865234288877,0.000127944773890658,0.005991676384766,-0.0340301977434874,0.650923277527589
SPY,2023-09-11 00:00:00.000,448.45,0.00657658466511046,0.0125899890379714,-0.00120637859849775,0.00026229143829107,0.00611051895011023,0.00202793650783832,0.650923277527589
SPY,2023-09-12 00:00:00.000,445.99,-0.00548556137807998,0.00710442765989139,-0.00191957572842812,0.00014498831958962,0.00619897633072779,-0.0272776575804875,0.650923277527589
SPY,2023-09-13 00:00:00.000,446.51,0.00116594542478521,0.0082703730846766,-0.00147878699225479,0.000165407461693532,0.006116771271439,-0.0585364835419082,0.650923277527589
SPY,2023-09-14 00:00:00.000,450.36,0.0086224272692661,0.0168928003539427,-0.000216135209564677,0.000331231379489072,0.00591340836292796,0.0632794019788377,0.650923277527589
SPY,2023-09-15 00:00:00.000,443.37,-0.0155209166000533,0.00137188375388941,-0.0016160117473808,2.63823798824887E-05,0.00645489647090287,0.0285534461838267,0.650923277527589
SPY,2023-09-16 00:00:00.000,443.37,0,0.00137188375388941,-0.000886518481736392,2.63823798824887E-05,0.00627998346127764,0.0765567144443725,0.650923277527589
SPY,2023-09-17 00:00:00.000,443.37,0,0.00137188375388941,-0.000522565826439447,2.63823798824887E-05,0.0062807951098945,0.0736330097813959,0.650923277527589
SPY,2023-09-18 00:00:00.000,443.63,0.000586417664704353,0.00195830141859377,-0.000675850492377857,3.69490833696937E-05,0.00627996979448788,0.0768773246192353,0.650923277527589
SPY,2023-09-19 00:00:00.000,442.71,-0.00207380023893788,-0.000115498820344118,-0.00087555759902929,-2.13886704340959E-06,0.0062977272560093,0.066034311979456,0.650923277527589
SPY,2023-09-20 00:00:00.000,438.64,-0.00919337715434476,-0.00930887597468888,-0.00191528504344372,-0.000169252290448889,0.00643144593590723,-0.0219033789382932,0.650923277527589
SPY,2023-09-21 00:00:00.000,431.39,-0.0165283603866496,-0.0258372363613385,-0.00480340317491373,-0.000461379220738187,0.0070908134756381,-0.082622359389343,0.650923277527589
SPY,2023-09-22 00:00:00.000,430.42,-0.00224854539975416,-0.0280857817610927,-0.00439877617762301,-0.000492733013352503,0.00674644961711706,-0.158369371647356,0.650923277527589
SPY,2023-09-23 00:00:00.000,430.42,0,-0.0280857817610927,-0.00519373640653847,-0.000492733013352503,0.00629038908193947,-0.0834202472535935,0.650923277527589
SPY,2023-09-24 00:00:00.000,430.42,0,-0.0280857817610927,-0.00749643035250589,-0.000492733013352503,0.00612908256931447,-0.120453528435966,0.650923277527589
SPY,2023-09-25 00:00:00.000,432.23,0.00420519492588634,-0.0238805868352063,-0.00420874509818262,-0.000411734255779419,0.00619369816490974,-0.0978292681752099,0.650923277527589
SPY,2023-09-26 00:00:00.000,425.88,-0.0146912523425029,-0.0385718391777092,-0.00570624613308552,-0.000653759986062868,0.00670640842098683,-0.170774535520271,0.650923277527589
SPY,2023-09-27 00:00:00.000,426.05,0.000399173476096637,-0.0381726657016126,-0.00494306868193775,-0.000636211095026877,0.00656648588164456,-0.203397432106943,0.650923277527589
SPY,2023-09-28 00:00:00.000,428.52,0.00579744161483386,-0.0323752240867787,-0.00429169068817156,-0.000530741378471783,0.0060194714663806,-0.243100387122825,0.650923277527589
SPY,2023-09-29 00:00:00.000,427.48,-0.00242695790161473,-0.0348021819883935,-0.00433583539600617,-0.00056132551594183,0.00592482465273819,-0.277156603584809,0.650923277527589
SPY,2023-09-30 00:00:00.000,427.48,0,-0.0348021819883935,-0.00364190085910066,-0.00056132551594183,0.00593343182455982,-0.270002881234138,0.650923277527589
SPY,2023-10-01 00:00:00.000,427.48,0,-0.0348021819883935,-0.00149415760450916,-0.00056132551594183,0.00590428412370542,-0.279981684530465,0.650923277527589
SPY,2023-10-02 00:00:00.000,427.31,-0.000397679423598807,-0.0351998614119923,-0.0011856799418166,-0.000558727958920512,0.00590059336569303,-0.282263152393304,0.650923277527589
SPY,2023-10-03 00:00:00.000,421.59,-0.0133860663218741,-0.0485859277338664,-0.00292859228182482,-0.000759155120841662,0.00625569031257844,-0.353581385804242,0.650923277527589
SPY,2023-10-04 00:00:00.000,424.66,0.00728195640314055,-0.0413039713307258,-0.00165227369620415,-0.000635445712780397,0.00648276883015603,-0.316107686591348,0.650923277527589
SPY,2023-10-05 00:00:00.000,424.5,-0.000376772005840076,-0.0416807433365659,-0.00222501956266995,-0.000631526414190392,0.00647400048334706,-0.294875626486282,0.650923277527589
SPY,2023-10-06 00:00:00.000,429.54,0.0118727915194348,-0.0298079518171311,0.00109548592007226,-0.000444894803240763,0.00687100781891668,-0.20066644375745,0.650923277527589
SPY,2023-10-07 00:00:00.000,429.54,0,-0.0298079518171311,0.00119495912635449,-0.000444894803240763,0.00686576538931073,-0.183839269330215,0.650923277527589
SPY,2023-10-08 00:00:00.000,429.54,0,-0.0298079518171311,0.000427878711607932,-0.000444894803240763,0.00685121114919068,-0.1921346399625,0.650923277527589
SPY,2023-10-09 00:00:00.000,432.29,0.00640219769986494,-0.0234057541172662,0.00189940464518788,-0.000344202266430385,0.00698803071087698,-0.161502824899216,0.650923277527589
SPY,2023-10-10 00:00:00.000,434.54,0.00520483934395899,-0.0182009147733072,0.00237160960215518,-0.000263781373526191,0.00707725861844163,-0.136888338253272,0.650923277527589
SPY,2023-10-11 00:00:00.000,436.32,0.00409628572743581,-0.0141046290458714,0.00258719411781526,-0.000221089034687857,0.00700211595726193,-0.153182386451566,0.650923277527589
SPY,2023-10-12 00:00:00.000,433.66,-0.00609644297763101,-0.0202010720235024,0.00187484867356123,-0.000305022662444188,0.00701681441759694,-0.152572846578792,0.650923277527589
SPY,2023-10-13 00:00:00.000,431.5,-0.00498086058202285,-0.0251819326055253,0.00292549939104264,-0.000354932243800102,0.00704379285203377,-0.182413454985799,0.650923277527589
SPY,2023-10-14 00:00:00.000,431.5,0,-0.0251819326055253,0.00230314838931437,-0.00024658837523911,0.00680461738752442,-0.230930673994915,0.650923277527589
SPY,2023-10-15 00:00:00.000,431.5,0,-0.0251819326055253,0.00274980178850677,-0.000213087054869146,0.00626261154304577,-0.150798663513694,0.650923277527589
SPY,2023-10-16 00:00:00.000,436.04,0.0105214368482041,-0.0146604957573212,0.00252457600996832,-5.75142446796792E-05,0.00659943840139297,-0.0976254321881212,0.650923277527589
SPY,2023-10-17 00:00:00.000,436.02,-4.58673516191555E-05,-0.0147063631089404,0.00215736981545583,-5.73478604931002E-05,0.00659931563510514,-0.097827061582856,0.650923277527589
SPY,2023-10-18 00:00:00.000,430.21,-0.013325076831338,-0.0280314399402783,0.000222063984606599,-0.00028386421941563,0.00699465150372375,-0.164377345209664,0.650923277527589
SPY,2023-10-19 00:00:00.000,426.43,-0.00878640663861829,-0.0368178465788966,-0.00167651155770381,-0.00050036370742048,0.00713613206062088,-0.194369824424191,0.650923277527589
SPY,2023-10-20 00:00:00.000,421.19,-0.0122880660366297,-0.0491059126155263,-0.00386312473027739,-0.000790849294449078,0.00727630550695037,-0.202943781320022,0.650923277527589
SPY,2023-10-21 00:00:00.000,421.19,0,-0.0491059126155263,-0.00500018336709356,-0.000917337890278284,0.00668748985700426,-0.125278570142011,0.650923277527589
SPY,2023-10-22 00:00:00.000,421.19,0,-0.0491059126155263,-0.00481747343200399,-0.000921668870830296,0.0066830115391499,-0.114174300345897,0.650923277527589
SPY,2023-10-23 00:00:00.000,420.46,-0.0017331845485411,-0.0508390971640674,-0.00427619409309036,-0.000933429967608714,0.00668423690500034,-0.122780817764742,0.650923277527589
SPY,2023-10-24 00:00:00.000,423.63,0.00753936165152447,-0.043299735512543,-0.00258825755814539,-0.000812390087335383,0.00685332859880116,-0.0860433269082465,0.650923277527589
SPY,2023-10-25 00:00:00.000,417.55,-0.0143521469206619,-0.0576518824332048,-0.00405874372845995,-0.00106702393223373,0.00723991457820533,-0.174662481129426,0.650923277527589
SPY,2023-10-26 00:00:00.000,412.55,-0.0119746138187043,-0.0696264962519092,-0.0068707500618235,-0.00134424090163766,0.00707960475215006,-0.157991583936484,0.650923277527589
SPY,2023-10-27 00:00:00.000,410.68,-0.00453278390498124,-0.0741592801568904,-0.00743161463099376,-0.00144076265690696,0.00710237600025267,-0.181246528188515,0.650923277527589
SPY,2023-10-28 00:00:00.000,410.68,0,-0.0741592801568904,-0.00658969145951601,-0.0013654918780623,0.00698330334000856,-0.213260697815131,0.650923277527589
SPY,2023-10-29 00:00:00.000,410.68,0,-0.0741592801568904,-0.00622357226299897,-0.0013654918780623,0.00698496740909298,-0.199506357364656,0.650923277527589
SPY,2023-10-30 00:00:00.000,415.59,0.0119557806564721,-0.0622034995004184,-0.00218293114748201,-0.00117518798471181,0.00739162848561348,-0.145460490158522,0.650923277527589
SPY,2023-10-31 00:00:00.000,418.2,0.00628022810943474,-0.0559232713909836,-0.000973908396493901,-0.00107018212423087,0.00750642935835046,-0.117430923666227,0.650923277527589
USDCAD,2023-07-01 00:00:00.000,1.30768,0,0,0,0,0,0,-0.102335392645919
USDCAD,2023-07-02 00:00:00.000,1.325,0.0132448305395816,0.0132448305395816,0.0132448305395816,0.0132448305395816,0,0,-0.102335392645919
USDCAD,2023-07-03 00:00:00.000,1.32476,-0.000181132075471657,0.0130636984641099,0.00653184923205496,0.00653184923205496,0.00949358920906122,-0.0314355069230573,-0.102335392645919
USDCAD,2023-07-04 00:00:00.000,1.32232,-0.0018418430508168,0.0112218554132931,0.00374061847109771,0.00374061847109771,0.00827266737624232,-0.134128580075783,-0.102335392645919
USDCAD,2023-07-05 00:00:00.000,1.32849,0.00466604150281325,0.0158878969161064,0.00397197422902659,0.00397197422902659,0.00677043467035438,0.134531993112283,-0.102335392645919
USDCAD,2023-07-06 00:00:00.000,1.33647,0.00600681977282491,0.0218947166889313,0.00437894333778626,0.00437894333778626,0.00593356625450291,0.349043020129328,-0.102335392645919
USDCAD,2023-07-07 00:00:00.000,1.3295,-0.00521523116867584,0.0166794855202554,0.00277991425337591,0.00277991425337591,0.00659599354714676,0.117544297870494,-0.102335392645919
USDCAD,2023-07-08 00:00:00.000,1.3291,-0.000300864986837124,0.0163786205334183,0.00233980293334547,0.00233980293334547,0.00613284829529754,0.08658940294394,-0.102335392645919
USDCAD,2023-07-09 00:00:00.000,1.32781,-0.000970581596569153,0.0154080389368492,0.00192600486710615,0.00192600486710615,0.00579728734961096,0.0474117456111146,-0.102335392645919
USDCAD,2023-07-10 00:00:00.000,1.3273,-0.00038409109737092,0.0150239478394782,0.00166932753771981,0.00166932753771981,0.00547726412545556,0.0300426392668261,-0.102335392645919
USDCAD,2023-07-11 00:00:00.000,1.32287,-0.00333760265200023,0.011686345187478,0.0011686345187478,0.0011686345187478,0.00540129401504118,-0.0443670090596212,-0.102335392645919
USDCAD,2023-07-12 00:00:00.000,1.3183,-0.00345461005238612,0.0082317351350919,-0.000501309540448969,0.000748339557735627,0.00531033951174519,-0.107193686668731,-0.102335392645919
USDCAD,2023-07-13 00:00:00.000,1.31124,-0.00535538193127516,0.00287635320381674,-0.00101873452602932,0.000239696100318062,0.00536103666462636,-0.190251170222926,-0.102335392645919
USDCAD,2023-07-14 00:00:00.000,1.3229,0.00889234617613854,0.0117686993799553,5.46843966662158E-05,0.000905284567688868,0.00566610613315473,-0.0453393978758648,-0.102335392645919
USDCAD,2023-07-15 00:00:00.000,1.3225,-0.000302366014059974,0.0114663333658953,-0.000442156355021106,0.000819023811849665,0.0054533782869091,-0.0477714378236886,-0.102335392645919
USDCAD,2023-07-16 00:00:00.000,1.3227,0.000151228733459297,0.0116175620993546,-0.00102771545895767,0.000774504139956974,0.005257834778898,-0.0438983151568064,-0.102335392645919
USDCAD,2023-07-17 00:00:00.000,1.32013,-0.00194299538822107,0.00967456671113354,-0.000700491880912191,0.000604660419445846,0.00512478178609227,-0.0677735407137986,-0.102335392645919
USDCAD,2023-07-18 00:00:00.000,1.31663,-0.00265125404316247,0.00702331266797107,-0.000935530786544725,0.000413136039292416,0.0050244913754683,-0.0979759781939652,-0.102335392645919
USDCAD,2023-07-19 00:00:00.000,1.31629,-0.000258235039456767,0.0067650776285143,-0.000864296130833486,0.000375837646028572,0.0048770405405288,-0.0967421771104086,-0.102335392645919
USDCAD,2023-07-20 00:00:00.000,1.31739,0.000835682106526736,0.00760075973504104,-0.000742318810443721,0.000400039986054792,0.0047408053874679,-0.0829492297226074,-0.102335392645919
USDCAD,2023-07-21 00:00:00.000,1.3229,0.00418251239192635,0.0117832721269674,9.69269394893724E-06,0.00058916360634837,0.00469123474723325,-0.0329753705573018,-0.102335392645919
USDCAD,2023-07-22 00:00:00.000,1.3228,-7.55915035149934E-05,0.0117076806234524,0.00034759454883605,0.000557508601116781,0.0045747504967426,-0.0334348614578666,-0.102335392645919
USDCAD,2023-07-23 00:00:00.000,1.32251,-0.000219231932264807,0.0114884486911876,0.000861209548737085,0.0005222022132358,0.00446756961787938,-0.0354298001241144,-0.102335392645919
USDCAD,2023-07-24 00:00:00.000,1.31747,-0.00381093526703025,0.00767751342415735,-0.000409118595579794,0.000333804931485102,0.00445738648049366,-0.0738778773191709,-0.102335392645919
USDCAD,2023-07-25 00:00:00.000,1.31873,0.000956378513362832,0.00863389193752018,-0.000283244142837513,0.000359745497396674,0.00436126188937054,-0.0623008971997005,-0.102335392645919
USDCAD,2023-07-26 00:00:00.000,1.32047,0.00131945129025657,0.00995334322777675,-0.000166421887157786,0.00039813372911107,0.00427374794022101,-0.0479847558794572,-0.102335392645919
USDCAD,2023-07-27 00:00:00.000,1.3225,0.00153733140472712,0.0114906746325039,0.000181610792137032,0.000441949024327072,0.00419335651724822,-0.0325198663760743,-0.102335392645919
USDCAD,2023-07-28 00:00:00.000,1.3248,0.00173913043478269,0.0132298050672865,0.000620649239931548,0.000489992780269872,0.0041194955355986,-0.0161269689174668,-0.102335392645919
USDCAD,2023-07-29 00:00:00.000,1.3248,0,0.0132298050672865,0.000718303048752472,0.000489992780269872,0.00404354926757212,-0.0166041214188307,-0.102335392645919
USDCAD,2023-07-30 00:00:00.000,1.325,0.000150966183574797,0.0133807712508613,0.000642223501757812,0.000477884687530762,0.00397113542169285,-0.0157083746839883,-0.102335392645919
USDCAD,2023-07-31 00:00:00.000,1.3193,-0.00430188679245291,0.00907888445840843,-0.000300487518728773,0.000313064981324429,0.00399780250755917,-0.0532841171536182,-0.102335392645919
USDCAD,2023-08-01 00:00:00.000,1.32683,0.00570757219737739,0.0147864566557858,0.000342086225814824,0.000492881888526194,0.00333895236455826,0.00430062782740764,-0.102335392645919
USDCAD,2023-08-02 00:00:00.000,1.33442,0.00572040125713169,0.0205068579129175,0.0010020454690811,0.000661511545577984,0.0034949826034532,0.0587879194806803,-0.102335392645919
USDCAD,2023-08-03 00:00:00.000,1.33507,0.000487103011046042,0.0209939609239636,0.00147960527775625,0.000656061278873861,0.00347275422158849,0.0702315039974784,-0.102335392645919
USDCAD,2023-08-04 00:00:00.000,1.3381,0.00226954391904544,0.023263504843009,0.00162551254505431,0.000704954692212394,0.00339619125433743,0.0689604570940459,-0.102335392645919
USDCAD,2023-08-05 00:00:00.000,1.3381,0,0.023263504843009,0.00166377020190403,0.000704954692212394,0.00321718617312895,0.0346592008183828,-0.102335392645919
USDCAD,2023-08-06 00:00:00.000,1.33746,-0.000478290112846502,0.0227852147301625,0.00141181751220733,0.000670153374416544,0.00306261232299639,0.0551251377162715,-0.102335392645919
USDCAD,2023-08-07 00:00:00.000,1.3369,-0.000418704110777268,0.0223665106193852,0.00114208819401233,0.000639043160553863,0.00306335701457497,0.0515655068341161,-0.102335392645919
USDCAD,2023-08-08 00:00:00.000,1.3425,0.00418879497344604,0.0265553055928313,0.00148061116950497,0.000737647377578646,0.00313928178467217,0.101052310781623,-0.102335392645919
USDCAD,2023-08-09 00:00:00.000,1.34191,-0.000439478584730035,0.0261158270081012,0.00141500619524888,0.000705833162381114,0.0031397577770214,0.0981925848525995,-0.102335392645919
USDCAD,2023-08-10 00:00:00.000,1.3444,0.00185556408402965,0.0279713910921309,0.00209916740374694,0.000736089239266602,0.00307071100815439,0.138383307601749,-0.102335392645919
USDCAD,2023-08-11 00:00:00.000,1.3437,-0.000520678369532956,0.0274507127225979,0.00140713956297912,0.000703864428784562,0.00298451913458523,0.153678974533073,-0.102335392645919
USDCAD,2023-08-12 00:00:00.000,1.3437,0,0.0274507127225979,0.000867981851210051,0.000703864428784562,0.00276564824126727,0.186292689867182,-0.102335392645919
USDCAD,2023-08-13 00:00:00.000,1.3439,0.000148842747637268,0.0275995554702352,0.000825699318283954,0.00068998888675588,0.00230845473014295,0.135125099963191,-0.102335392645919
USDCAD,2023-08-14 00:00:00.000,1.34588,0.00147332390802868,0.0290728793782639,0.000726171816906859,0.000709094618982045,0.00230920230685953,0.157264447551712,-0.102335392645919
USDCAD,2023-08-15 00:00:00.000,1.34902,0.00233304603679385,0.0314059254150577,0.000904713396894303,0.000747760128929945,0.00232927877347181,0.188757932292053,-0.102335392645919
USDCAD,2023-08-16 00:00:00.000,1.35365,0.00343212109531366,0.0348380465103714,0.00133920353113432,0.000810187128148171,0.00232890995840474,0.249603298280348,-0.102335392645919
USDCAD,2023-08-17 00:00:00.000,1.35452,0.000642706755808353,0.0354807532661797,0.00145713807186606,0.000806380756049539,0.00223442689725246,0.275808381488622,-0.102335392645919
USDCAD,2023-08-18 00:00:00.000,1.3566,0.00153559932669878,0.0370163525928785,0.0011623385555608,0.000822585613175078,0.00222500031863653,0.299622964788247,-0.102335392645919
USDCAD,2023-08-19 00:00:00.000,1.3566,0,0.0370163525928785,0.00136256569809716,0.000822585613175078,0.00223245562952853,0.292820445554989,-0.102335392645919
USDCAD,2023-08-20 00:00:00.000,1.35415,-0.00180598555211564,0.0352103670407629,0.000904871993578998,0.000765442761755714,0.00220382377316381,0.234845123652569,-0.102335392645919
USDCAD,2023-08-21 00:00:00.000,1.3546,0.000332311782298866,0.0355426788230617,0.00101149576255798,0.000756227209001313,0.00219961158337992,0.239508903203175,-0.102335392645919
USDCAD,2023-08-22 00:00:00.000,1.35496,0.000265761110290752,0.0358084399333525,0.000928636356750507,0.000746009165278177,0.00219367833312364,0.244275692255758,-0.102335392645919
USDCAD,2023-08-23 00:00:00.000,1.35237,-0.00191149554230374,0.0338969443910487,0.000699709880090395,0.000691774375327525,0.00208016259012296,0.241141674884228,-0.102335392645919
USDCAD,2023-08-24 00:00:00.000,1.35864,0.00463630515317548,0.0385332495442242,0.00105115224066226,0.000770664990884484,0.00219074946827293,0.303487421080451,-0.102335392645919
USDCAD,2023-08-25 00:00:00.000,1.3606,0.00144261908967791,0.0399758686339021,0.000952215913204935,0.000783840561449061,0.00219149057286466,0.314269712118347,-0.102335392645919
USDCAD,2023-08-26 00:00:00.000,1.3606,0,0.0399758686339021,0.000642227765441344,0.000783840561449061,0.00219647916514995,0.301201618103748,-0.102335392645919
USDCAD,2023-08-27 00:00:00.000,1.35946,-0.00083786564750854,0.0391380029863936,0.000457156215026733,0.000752653903584492,0.00221484747199602,0.273703189197931,-0.102335392645919
USDCAD,2023-08-28 00:00:00.000,1.36002,0.000411928265634964,0.0395499312520285,0.000316697332393756,0.000746225117962803,0.00221058169282703,0.279112831962817,-0.102335392645919
USDCAD,2023-08-29 00:00:00.000,1.35585,-0.00306613138042089,0.0364837998716077,-5.91725245856489E-05,0.00067562592354829,0.00232224484450404,0.233135476946344,-0.102335392645919
USDCAD,2023-08-30 00:00:00.000,1.35345,-0.00177010731275584,0.0347136925588518,-5.51860535456713E-05,0.000631158046524579,0.00217276041792501,0.241026652235959,-0.102335392645919
USDCAD,2023-08-31 00:00:00.000,1.35103,-0.00178802319997051,0.0329256693588813,-0.00029077882935338,0.000587958381408595,0.00202112525885941,0.153794511068906,-0.102335392645919
USDCAD,2023-09-01 00:00:00.000,1.3568,0.0042708155999498,0.0371964849588311,0.00015422722505318,0.00065256991155844,0.00190881133150687,0.172887327768816,-0.102335392645919
USDCAD,2023-09-02 00:00:00.000,1.3568,0,0.0371964849588311,0.000412442570972796,0.00065256991155844,0.00191149023945469,0.167292209157151,-0.102335392645919
USDCAD,2023-09-03 00:00:00.000,1.3568,0,0.0371964849588311,-0.000190966369341873,0.00065256991155844,0.00188541606618593,0.144094272936818,-0.102335392645919
USDCAD,2023-09-04 00:00:00.000,1.35991,0.00229215801886795,0.0394886429776991,-6.96036651718674E-05,0.000680838672029294,0.00191220010345302,0.183221561473633,-0.102335392645919
USDCAD,2023-09-05 00:00:00.000,1.3637,0.00278694913633992,0.042275592114039,0.000287465435017106,0.000716535459559983,0.00194484081836299,0.235460000374875,-0.102335392645919
USDCAD,2023-09-06 00:00:00.000,1.3639,0.000146659822541695,0.0424222519365807,0.000410531118773386,0.000707037532276345,0.00193685400311097,0.241797686761831,-0.102335392645919
USDCAD,2023-09-07 00:00:00.000,1.36826,0.00319671530170851,0.0456189672382892,0.000758629498282579,0.000747851921939167,0.00188238052687308,0.253096470490792,-0.102335392645919
USDCAD,2023-09-08 00:00:00.000,1.3656,-0.00194407495651416,0.043674892281775,0.000898886551270919,0.000704433746480242,0.00193141336851492,0.2234312246931,-0.102335392645919
USDCAD,2023-09-09 00:00:00.000,1.3656,0,0.043674892281775,0.00128017138898903,0.000704433746480242,0.00191900309177835,0.2025243943645,-0.102335392645919
USDCAD,2023-09-10 00:00:00.000,1.36285,-0.00201376684241361,0.0416611254393614,0.00124792229721144,0.000661287705386689,0.00196580744184144,0.173514226230434,-0.102335392645919
USDCAD,2023-09-11 00:00:00.000,1.35796,-0.00358806911985898,0.0380730563195024,0.000125224480095903,0.000594891504992225,0.00210017949095105,0.116117629253997,-0.102335392645919
USDCAD,2023-09-12 00:00:00.000,1.35526,-0.00198827653244582,0.0360847797870566,-0.000138963146471813,0.000555150458262409,0.00214318586627166,0.0829137691468106,-0.102335392645919
USDCAD,2023-09-13 00:00:00.000,1.35523,-2.21359739090987E-05,0.0360626438131475,-0.0001259823495204,0.000546403694138598,0.00213190329584847,0.0611594122191844,-0.102335392645919
USDCAD,2023-09-14 00:00:00.000,1.35156,-0.00270802741969989,0.0333546163934476,-0.000681558509361271,0.000497830095424591,0.00215916352947059,-0.014166828761968,-0.102335392645919
USDCAD,2023-09-15 00:00:00.000,1.3534,0.00136138980141465,0.0347160061948623,-0.000839953991019635,0.000510529502865621,0.00207943657541803,-0.0416686257381972,-0.102335392645919
USDCAD,2023-09-16 00:00:00.000,1.3534,0,0.0347160061948623,-0.000963280717714801,0.000510529502865621,0.00207585103070721,-0.0513902487351276,-0.102335392645919
USDCAD,2023-09-17 00:00:00.000,1.3522,-0.000886655829761995,0.0338293503651003,-0.00147370210914861,0.000490280440073917,0.0020600852787283,-0.0888827476144867,-0.102335392645919
USDCAD,2023-09-18 00:00:00.000,1.34866,-0.00261795592367997,0.0312113944414203,-0.00155793723004434,0.000445877063448861,0.00211026716182212,-0.130336839742026,-0.102335392645919
USDCAD,2023-09-19 00:00:00.000,1.34428,-0.00324766805569976,0.0279637263857205,-0.00174568509956161,0.000393855301207331,0.00216398540849982,-0.153079594233102,-0.102335392645919
USDCAD,2023-09-20 00:00:00.000,1.34773,0.00256642961287845,0.030530155998599,-0.00123677438230694,0.000424029944424986,0.0022220775431517,-0.119598587080204,-0.102335392645919
USDCAD,2023-09-21 00:00:00.000,1.34765,-5.93590704369706E-05,0.030470796928162,-0.000844695487926712,0.00041740817709811,0.00222068610008018,-0.12450619850106,-0.102335392645919
USDCAD,2023-09-22 00:00:00.000,1.3489,0.000927540533521398,0.0313983374616834,-0.000520715813930354,0.000424301857590316,0.00220469758662877,-0.0797457730865825,-0.102335392645919
USDCAD,2023-09-23 00:00:00.000,1.3489,0,0.0313983374616834,-0.000583038293933011,0.000424301857590316,0.00201696194156689,-0.150443228643734,-0.102335392645919
USDCAD,2023-09-24 00:00:00.000,1.34771,-0.000882200311364878,0.0305161371503185,-0.000354809905391135,0.000406881828670914,0.00199470913368704,-0.187304322159279,-0.102335392645919
USDCAD,2023-09-25 00:00:00.000,1.34503,-0.00198855836938217,0.0285275787809364,-0.000773553426740736,0.000375362878696531,0.00201678766148188,-0.22032969369715,-0.102335392645919
USDCAD,2023-09-26 00:00:00.000,1.35195,0.00514486665724934,0.0336724454381857,-0.000115951195186284,0.000437304486210204,0.00225217297210979,-0.131543896200475,-0.102335392645919
USDCAD,2023-09-27 00:00:00.000,1.35002,-0.00142756758755869,0.032244877850627,-0.000176052501608138,0.000413395869879834,0.00226046550427338,-0.158767556165072,-0.102335392645919
USDCAD,2023-09-28 00:00:00.000,1.34907,-0.000703693278618078,0.0315411845720089,3.66433478431831E-05,0.000399255500911506,0.00219905877838188,-0.125517433270454,-0.102335392645919
USDCAD,2023-09-29 00:00:00.000,1.3588,0.00721237593305024,0.0387535605050592,0.00119887045770429,0.00048441950631324,0.00255555722793841,-0.00401741866133794,-0.102335392645919
USDCAD,2023-09-30 00:00:00.000,1.3588,0,0.0387535605050592,0.00102792556330752,0.00048441950631324,0.00252989134682992,0.025860544911149,-0.102335392645919
USDCAD,2023-10-01 00:00:00.000,1.35733,-0.00108183691492503,0.0376717235901342,0.000900115832746518,0.000465083007285607,0.00241878622486571,-0.0631970902293194,-0.102335392645919
USDCAD,2023-10-02 00:00:00.000,1.36758,0.00755159025439656,0.0452233138445307,0.00172812204785591,0.000551503827372326,0.0027826535025555,0.027903622481891,-0.102335392645919
USDCAD,2023-10-03 00:00:00.000,1.37092,0.00244227028766142,0.0476655841321921,0.00180747185227875,0.000574284146170989,0.00281014543688258,0.0575557482513867,-0.102335392645919
USDCAD,2023-10-04 00:00:00.000,1.3743,0.00246549762203485,0.050131081754227,0.00217943828932316,0.000596798592312226,0.00281445353224798,0.0474549749592339,-0.102335392645919
USDCAD,2023-10-05 00:00:00.000,1.37056,-0.00272138543258393,0.047409696321643,0.00209801306007852,0.000557761133195801,0.00282994403679912,-0.0317373879960871,-0.102335392645919
USDCAD,2023-10-06 00:00:00.000,1.368,-0.00186784963810405,0.045541846683539,0.00131882236059481,0.000529556356785337,0.00285434034861184,-0.0554254697761931,-0.102335392645919
USDCAD,2023-10-07 00:00:00.000,1.368,0,0.045541846683539,0.001662121104114,0.000529556356785337,0.0027939325559313,-0.111355422940547,-0.102335392645919
USDCAD,2023-10-08 00:00:00.000,1.3662,-0.00131578947368427,0.0442260572098547,0.00158560907973072,0.000508345485170744,0.00278120329545146,-0.0929550181611978,-0.102335392645919
USDCAD,2023-10-09 00:00:00.000,1.3578,-0.00614844093104971,0.038077616278805,-8.44930282817707E-05,0.000432700184986421,0.00300049879015368,-0.160525249105498,-0.102335392645919
USDCAD,2023-10-10 00:00:00.000,1.35837,0.000419796730004585,0.0384974130088096,-2.84608329166201E-05,0.000286961164423046,0.00298223735638246,-0.121008569408913,-0.102335392645919
USDCAD,2023-10-11 00:00:00.000,1.35956,0.000876049971657134,0.0393734629804667,0.000189082154481398,0.000298974596776782,0.0029130440334489,-0.0535159847863833,-0.102335392645919
USDCAD,2023-10-12 00:00:00.000,1.36844,0.00653152490511633,0.0459049878855831,7.57415601169277E-05,0.000394126505366931,0.00311635471019612,0.0478406253193893,-0.102335392645919
USDCAD,2023-10-13 00:00:00.000,1.3666,-0.00134459676712173,0.0445603911184613,-0.000345021445970089,0.000325823797754034,0.00313078857958835,0.0344560581064123,-0.102335392645919
USDCAD,2023-10-14 00:00:00.000,1.3666,0,0.0445603911184613,-0.000696336329470706,0.000260524993442874,0.00308019969685355,0.076804299957096,-0.102335392645919
USDCAD,2023-10-15 00:00:00.000,1.36433,-0.00166105663690908,0.0428993344815523,-0.000563795230011349,0.000301377574267779,0.00309616236026964,0.0377157650065976,-0.102335392645919
USDCAD,2023-10-16 00:00:00.000,1.3614,-0.00214757426722278,0.0407517602143295,-0.000598760808651191,0.000280151030815071,0.0031273563762353,0.0154588939193374,-0.102335392645919
USDCAD,2023-10-17 00:00:00.000,1.36528,0.00285000734537988,0.0436017675597093,-0.000215564347092184,0.000324065846239772,0.00315680856308813,0.060558651357999,-0.102335392645919
USDCAD,2023-10-18 00:00:00.000,1.37125,0.00437272940349231,0.0479744969632017,0.000416493305927437,0.000378741943950844,0.00318986247544748,0.148232458746129,-0.102335392645919
USDCAD,2023-10-19 00:00:00.000,1.37155,0.000218778486782201,0.0481932754499839,0.00112396213013098,0.00041961988807478,0.00310898329655296,0.201153372478415,-0.102335392645919
USDCAD,2023-10-20 00:00:00.000,1.3728,0.000911377638438182,0.049104653088422,0.00117858223106805,0.000469803654635979,0.00308886957538194,0.172983288711332,-0.102335392645919
USDCAD,2023-10-21 00:00:00.000,1.3728,0,0.049104653088422,0.00121639876349441,0.000537538370751224,0.00308843893768949,0.174369011689627,-0.102335392645919
USDCAD,2023-10-22 00:00:00.000,1.37053,-0.00165355477855478,0.0474510983098673,0.000193263803035526,0.000414911615464093,0.00311544220878831,0.143171746744479,-0.102335392645919
USDCAD,2023-10-23 00:00:00.000,1.36887,-0.00121121026172355,0.0462398880481437,0.000209937116210299,0.000404343659095912,0.00313042781989763,0.13096412216509,-0.102335392645919
USDCAD,2023-10-24 00:00:00.000,1.3741,0.00382066960339555,0.0500605576515393,0.000611129614786438,0.000447011576188194,0.00317651178016935,0.18652868576143,-0.102335392645919
USDCAD,2023-10-25 00:00:00.000,1.38025,0.00447565679353756,0.0545362144450768,0.00129298666261384,0.000521647066673759,0.00321031867073704,0.266587822483264,-0.102335392645919
USDCAD,2023-10-26 00:00:00.000,1.3815,0.000905633037493248,0.0554418474825701,0.0016322319186934,0.000563006218774407,0.00310716724371394,0.20063437808564,-0.102335392645919
USDCAD,2023-10-27 00:00:00.000,1.3879,0.004632645674991,0.0600744931575611,0.00183030284420575,0.000619876924756358,0.00315891875201298,0.271061890692272,-0.102335392645919
USDCAD,2023-10-28 00:00:00.000,1.3879,0,0.0600744931575611,0.00151249952429493,0.000617338040264942,0.00314898453721071,0.282264853812329,-0.102335392645919
USDCAD,2023-10-29 00:00:00.000,1.38634,-0.00112400028820525,0.0589504928693558,0.0013446521774215,0.000554908479322217,0.00293817404962476,0.175638006371398,-0.102335392645919
USDCAD,2023-10-30 00:00:00.000,1.383,-0.00240922140311894,0.0565412714662369,0.000929577297226855,0.000527454009915112,0.0029896830104698,0.149014200539241,-0.102335392645919
USDCAD,2023-10-31 00:00:00.000,1.38781,0.00347794649313093,0.0600192179593678,0.00121272943010509,0.000570950226684473,0.00301738302829267,0.202664935831726,-0.102335392645919
